 
PerIsn      48     409       4      80    0.04000000    0.88137359    -589
    1    0.619873446359E+00    0.635643109036E-03     0.01805
    2    0.404984387937E+00    0.698903112234E-03     0.01126
    3    0.414015748405E+00    0.656040554769E-03     0.00948
    4    0.200329580738E+00    0.484085510072E-03    -0.00107
    5    0.146870117188E+00    0.390097671417E-03    -0.00445
    6    0.450383300781E+00    0.148354260837E-02    -0.00575
    7    0.228081054687E+00    0.129124741147E-02     0.04964
    8   -0.577880859375E-02    0.390498331737E-02     0.03041
    9    0.740384697384E+00    0.395434812509E-03     0.00999
   10    0.556895275931E+00    0.541640435902E-03     0.00586
   11    0.000000000000E+00    0.000000000000E+00     0.00000
   12    0.000000000000E+00    0.000000000000E+00     0.00000
   13    0.556938706310E+00    0.541589395362E-03     0.00586
   14    0.326161080171E+00    0.543011068890E-03    -0.00118
   15    0.127612304687E-01    0.175047971540E-03     0.03028
   16    0.973278808594E+00    0.362111721643E-03     0.02403
   17    0.898437500000E-03    0.477245383830E-04     0.00781
   18    0.972380371094E+00    0.378300626333E-03     0.02079
   19    0.647179741330E-01    0.303034651754E-03     0.01510
   20    0.108083756374E-01    0.865097470410E-04     0.02889
   21    0.000000000000E+00    0.000000000000E+00     0.00000
   22    0.000000000000E+00    0.000000000000E+00     0.00000
   23    0.111543080473E-01    0.872221726091E-04     0.02799
   24    0.792743411820E-03    0.897382319002E-05     0.04153
   25    0.183337402344E-01    0.222039672842E-03     0.05945
   26    0.295654296875E-02    0.973016560175E-04    -0.06388
   27    0.959750976563E+00    0.486438221036E-03     0.04354
   28   -0.953837890625E+00    0.603320693137E-03     0.00471
   29    0.740397932265E+00    0.395264919724E-03     0.00994
   30    0.556905545922E+00    0.541516427321E-03     0.00583
   31    0.000000000000E+00    0.000000000000E+00     0.00000
   32    0.000000000000E+00    0.000000000000E+00     0.00000
   33    0.557793713431E+00    0.533703513524E-03     0.01004
   34    0.972380371094E+00    0.378300626333E-03     0.02079
   35    0.202111816406E-01    0.243543716660E-03     0.03386
   36    0.975490722656E+00    0.334177085378E-03     0.03797
   37    0.195312500000E-04    0.688167379966E-05    -0.00788
   38    0.155859375000E-01    0.282368589724E-03    -0.01485
   39    0.948784943187E+00    0.361007039921E-03     0.04205
   40    0.855635195243E+00    0.731555856254E-03     0.03187
   41    0.984331388347E+00    0.110883286877E-03     0.03985
   42    0.000000000000E+00    0.000000000000E+00     0.00000
   43    0.951004707318E+00    0.319279868461E-03     0.03457
   44    0.387515785572E+00    0.978928108714E-03     0.01991
   45    0.000000000000E+00    0.000000000000E+00     0.00000
   46    0.156946858414E+00    0.855243005781E-03     0.00516
   47    0.984348426975E+00    0.110583372668E-03     0.03993
   48    0.000000000000E+00    0.000000000000E+00     0.00000
   49    0.319971315745E+00    0.541100386835E-03     0.01327
 
PerIsn      48     409       4      80    0.03400000    0.88137359    -586
    1    0.621134000354E+00    0.634607442103E-03     0.04599
    2    0.406464586588E+00    0.700804175325E-03     0.05267
    3    0.415459516802E+00    0.657675854212E-03     0.05410
    4    0.201443229359E+00    0.486932584238E-03     0.06323
    5    0.146953125000E+00    0.408827193582E-03    -0.02942
    6    0.453315429688E+00    0.148670052637E-02     0.03036
    7    0.224594726562E+00    0.126866893825E-02     0.02474
    8    0.412597656250E-02    0.385896110357E-02     0.02952
    9    0.697668352127E+00    0.400390290531E-03     0.05554
   10    0.495561159258E+00    0.516174103668E-03     0.05811
   11    0.000000000000E+00    0.000000000000E+00     0.00000
   12    0.000000000000E+00    0.000000000000E+00     0.00000
   13    0.495640755325E+00    0.516090661319E-03     0.05810
   14    0.259984872500E+00    0.461585444269E-03     0.06222
   15    0.164160156250E-01    0.214531757644E-03     0.01123
   16    0.964658203125E+00    0.458720258900E-03     0.00423
   17    0.202148437500E-02    0.741072033005E-04    -0.03599
   18    0.962636718750E+00    0.492527207546E-03    -0.00431
   19    0.533299297757E-01    0.262123480051E-03     0.04097
   20    0.806590938182E-02    0.666253724246E-04     0.02642
   21    0.000000000000E+00    0.000000000000E+00     0.00000
   22    0.000000000000E+00    0.000000000000E+00     0.00000
   23    0.835753804970E-02    0.673034681972E-04     0.02722
   24    0.498312160890E-03    0.569747369225E-05     0.02211
   25    0.145202636719E-01    0.196664017766E-03     0.00641
   26    0.137939453125E-02    0.614670197655E-04     0.04659
   27    0.969177246094E+00    0.414091481370E-03     0.00614
   28   -0.966418457031E+00    0.467407495458E-03     0.00226
   29    0.697688512802E+00    0.400184789004E-03     0.05560
   30    0.495575099183E+00    0.516041153778E-03     0.05814
   31    0.000000000000E+00    0.000000000000E+00     0.00000
   32    0.000000000000E+00    0.000000000000E+00     0.00000
   33    0.497582643633E+00    0.500213563258E-03     0.06120
   34    0.962636718750E+00    0.492527207546E-03    -0.00431
   35    0.197485351563E-01    0.246819056720E-03     0.01782
   36    0.965932617187E+00    0.445956652072E-03     0.01340
   37    0.349121093750E-03    0.302162726518E-04    -0.04293
   38   -0.516113281250E-02    0.227853349383E-03    -0.02991
   39    0.949178499498E+00    0.357027781616E-03     0.01901
   40    0.856849895876E+00    0.729254566401E-03     0.02179
   41    0.982201935051E+00    0.124817875707E-03     0.03525
   42    0.000000000000E+00    0.000000000000E+00     0.00000
   43    0.944900201216E+00    0.351908694603E-03     0.03226
   44    0.352605177575E+00    0.960341586676E-03     0.07678
   45    0.000000000000E+00    0.000000000000E+00     0.00000
   46    0.140170053501E+00    0.807234317959E-03     0.04437
   47    0.982231071937E+00    0.124411091069E-03     0.03488
   48    0.000000000000E+00    0.000000000000E+00     0.00000
   49    0.257198258099E+00    0.441098512452E-03     0.06345
 
PerIsn      48     409       4      80    0.03200000    0.88137359    -585
    1    0.620647552278E+00    0.631699361000E-03     0.03227
    2    0.405782212042E+00    0.695292584088E-03     0.02568
    3    0.414771808906E+00    0.651913304257E-03     0.02501
    4    0.200834556330E+00    0.481173822315E-03     0.01649
    5    0.146390380859E+00    0.387908452105E-03    -0.00811
    6    0.452985839844E+00    0.149325007786E-02     0.01199
    7    0.226115722656E+00    0.130245071926E-02     0.06841
    8    0.754394531250E-03    0.394062326190E-02     0.05089
    9    0.676455540127E+00    0.399518042434E-03     0.03389
   10    0.466354623109E+00    0.498062807445E-03     0.03113
   11    0.000000000000E+00    0.000000000000E+00     0.00000
   12    0.000000000000E+00    0.000000000000E+00     0.00000
   13    0.466455196500E+00    0.497964250626E-03     0.03114
   14    0.230990586788E+00    0.418745783649E-03     0.02643
   15    0.180004882813E-01    0.226812928841E-03     0.02492
   16    0.960551757813E+00    0.495168067109E-03     0.03402
   17    0.295654296875E-02    0.985203730255E-04     0.03789
   18    0.957595214844E+00    0.546342968890E-03     0.03771
   19    0.486755900913E-01    0.243561186809E-03     0.04923
   20    0.696091273041E-02    0.586080100680E-04     0.05450
   21    0.000000000000E+00    0.000000000000E+00     0.00000
   22    0.000000000000E+00    0.000000000000E+00     0.00000
   23    0.724387428965E-02    0.593419169198E-04     0.05504
   24    0.393241151833E-03    0.455782431621E-05     0.04726
   25    0.126550292969E-01    0.176878798954E-03     0.01109
   26    0.959472656250E-03    0.498296764804E-04    -0.04079
   27    0.973481445312E+00    0.368583151989E-03     0.01382
   28   -0.971562500000E+00    0.410763566544E-03     0.00796
   29    0.676479333242E+00    0.399205973484E-03     0.03408
   30    0.466369941444E+00    0.497870182878E-03     0.03123
   31    0.000000000000E+00    0.000000000000E+00     0.00000
   32    0.000000000000E+00    0.000000000000E+00     0.00000
   33    0.469311166078E+00    0.471938191103E-03     0.03165
   34    0.957595214844E+00    0.546342968890E-03     0.03771
   35    0.204724121094E-01    0.254114683447E-03     0.04111
   36    0.961477050781E+00    0.483236965109E-03     0.03359
   37    0.808105468750E-03    0.463455016292E-04     0.01917
   38   -0.149267578125E-01    0.287782568841E-03    -0.03082
   39    0.949286027621E+00    0.357670706758E-03     0.06959
   40    0.856603846501E+00    0.731135190377E-03     0.06280
   41    0.981210596172E+00    0.132822184335E-03     0.07394
   42    0.000000000000E+00    0.000000000000E+00     0.00000
   43    0.941945095544E+00    0.370073452240E-03     0.07468
   44    0.340373908207E+00    0.956171424459E-03     0.06811
   45    0.000000000000E+00    0.000000000000E+00     0.00000
   46    0.133439022034E+00    0.810591791546E-03     0.06803
   47    0.981247391043E+00    0.132222234260E-03     0.07455
   48    0.000000000000E+00    0.000000000000E+00     0.00000
   49    0.230006340040E+00    0.391189224205E-03     0.04103
 
PerIsn      48     409       4      80    0.03600000    0.88137359    -587
    1    0.619256871541E+00    0.651963647571E-03    -0.03220
    2    0.404342150866E+00    0.719008914364E-03    -0.03966
    3    0.413475395952E+00    0.673993390307E-03    -0.04290
    4    0.200008245854E+00    0.495987935429E-03    -0.05365
    5    0.146433105469E+00    0.402595682330E-03     0.05640
    6    0.450161132813E+00    0.153382734557E-02    -0.04001
    7    0.229020996094E+00    0.130371652167E-02    -0.03784
    8   -0.788085937500E-02    0.398169463718E-02    -0.04539
    9    0.713716871474E+00    0.408375740429E-03    -0.03314
   10    0.518283158744E+00    0.540090335433E-03    -0.04060
   11    0.000000000000E+00    0.000000000000E+00     0.00000
   12    0.000000000000E+00    0.000000000000E+00     0.00000
   13    0.518347446083E+00    0.540016935627E-03    -0.04060
   14    0.283818035828E+00    0.506138365132E-03    -0.05185
   15    0.150024414062E-01    0.200969651062E-03     0.01001
   16    0.968137207031E+00    0.418750675248E-03     0.00550
   17    0.152343750000E-02    0.638705834152E-04     0.00640
   18    0.966613769531E+00    0.442941775304E-03     0.00307
   19    0.581691657172E-01    0.283691879558E-03    -0.02094
   20    0.920203909186E-02    0.750743690523E-04     0.01492
   21    0.000000000000E+00    0.000000000000E+00     0.00000
   22    0.000000000000E+00    0.000000000000E+00     0.00000
   23    0.951415792384E-02    0.757673084464E-04     0.01388
   24    0.611217544994E-03    0.690612634966E-05     0.04339
   25    0.160461425781E-01    0.209422667370E-03     0.02216
   26    0.187744140625E-02    0.735826283556E-04    -0.00007
   27    0.965559082031E+00    0.443194049794E-03     0.01435
   28   -0.961804199219E+00    0.514012948082E-03     0.00741
   29    0.713733126322E+00    0.408171531301E-03    -0.03325
   30    0.518295006983E+00    0.539947764588E-03    -0.04066
   31    0.000000000000E+00    0.000000000000E+00     0.00000
   32    0.000000000000E+00    0.000000000000E+00     0.00000
   33    0.519806596244E+00    0.527449158598E-03    -0.04256
   34    0.966613769531E+00    0.442941775304E-03     0.00307
   35    0.195849609375E-01    0.245481553568E-03     0.00941
   36    0.969743652344E+00    0.401361741735E-03     0.01275
   37    0.126953125000E-03    0.171607806217E-04     0.06801
   38    0.293212890625E-02    0.216558224773E-03     0.03465
   39    0.948402416444E+00    0.360629462352E-03    -0.00158
   40    0.854774273569E+00    0.752164364667E-03    -0.01242
   41    0.982844539769E+00    0.119190085052E-03     0.02144
   42    0.000000000000E+00    0.000000000000E+00     0.00000
   43    0.946677240144E+00    0.341262992548E-03     0.00950
   44    0.367706744827E+00    0.100145785876E-02    -0.05767
   45    0.000000000000E+00    0.000000000000E+00     0.00000
   46    0.148096535744E+00    0.859923326486E-03    -0.04513
   47    0.982866839824E+00    0.118827584915E-03     0.02085
   48    0.000000000000E+00    0.000000000000E+00     0.00000
   49    0.279531397147E+00    0.491706145291E-03    -0.06214
 
PerIsn      48     409       4      80    0.03800000    0.88137359    -588
    1    0.619730394151E+00    0.656619237897E-03     0.01860
    2    0.404808696315E+00    0.721193559217E-03     0.01685
    3    0.413856478488E+00    0.676180040001E-03     0.01540
    4    0.200208898322E+00    0.497822538975E-03     0.01284
    5    0.147011718750E+00    0.408114675003E-03     0.01295
    6    0.450625000000E+00    0.150768336044E-02     0.03339
    7    0.227128906250E+00    0.130393953143E-02     0.01611
    8   -0.363281250000E-02    0.395196078964E-02     0.02371
    9    0.728329782486E+00    0.411127220077E-03     0.01270
   10    0.539275787280E+00    0.554463978425E-03     0.01247
   11    0.000000000000E+00    0.000000000000E+00     0.00000
   12    0.000000000000E+00    0.000000000000E+00     0.00000
   13    0.539328341520E+00    0.554397581138E-03     0.01246
   14    0.306485138006E+00    0.539038017488E-03     0.01234
   15    0.139782714844E-01    0.188795897063E-03    -0.00513
   16    0.970456542969E+00    0.394499439231E-03     0.00655
   17    0.120117187500E-02    0.571593986076E-04     0.01516
   18    0.969255371094E+00    0.415372275943E-03     0.01242
   19    0.616100226508E-01    0.300067164314E-03     0.01315
   20    0.100289752178E-01    0.821209526297E-04     0.00888
   21    0.000000000000E+00    0.000000000000E+00     0.00000
   22    0.000000000000E+00    0.000000000000E+00     0.00000
   23    0.103575420104E-01    0.827979575643E-04     0.00941
   24    0.703099326769E-03    0.785655564986E-05     0.00455
   25    0.174951171875E-01    0.223854538138E-03    -0.04126
   26    0.239746093750E-02    0.828425572219E-04     0.02969
   27    0.962062988281E+00    0.477537267241E-03    -0.01787
   28   -0.957268066406E+00    0.558667812003E-03     0.00298
   29    0.728343846003E+00    0.410953242527E-03     0.01277
   30    0.539286414383E+00    0.554342444271E-03     0.01250
   31    0.000000000000E+00    0.000000000000E+00     0.00000
   32    0.000000000000E+00    0.000000000000E+00     0.00000
   33    0.540476959155E+00    0.545080159433E-03     0.00799
   34    0.969255371094E+00    0.415372275943E-03     0.01242
   35    0.199108886719E-01    0.248154724795E-03    -0.00952
   36    0.972416992187E+00    0.375484556218E-03    -0.00961
   37    0.634765625000E-04    0.122957260877E-04    -0.02608
   38    0.958984375000E-02    0.233526249884E-03    -0.05105
   39    0.948758672754E+00    0.369881151832E-03     0.01245
   40    0.855492369329E+00    0.755553308618E-03     0.01385
   41    0.983660465699E+00    0.116267902520E-03     0.00645
   42    0.000000000000E+00    0.000000000000E+00     0.00000
   43    0.949067422516E+00    0.335568174379E-03     0.00645
   44    0.378482826869E+00    0.989791497606E-03     0.04222
   45    0.000000000000E+00    0.000000000000E+00     0.00000
   46    0.152579688832E+00    0.891590182265E-03     0.04149
   47    0.983679068975E+00    0.115954460196E-03     0.00741
   48    0.000000000000E+00    0.000000000000E+00     0.00000
   49    0.301381196421E+00    0.531263731694E-03    -0.00199
 
PerIsn      64     409       4      80    0.03400000    0.88137359    -591
    1    0.597485341430E+00    0.653145113223E-03     0.01745
    2    0.376313481633E+00    0.697881302351E-03     0.02082
    3    0.384662357164E+00    0.656341636960E-03     0.02017
    4    0.173031052087E+00    0.452926240658E-03     0.02310
    5    0.146800537109E+00    0.418466448207E-03    -0.00137
    6    0.449311523438E+00    0.158516284716E-02     0.04435
    7    0.228527832031E+00    0.135884038781E-02     0.05542
    8   -0.774414062500E-02    0.414227684904E-02     0.05495
    9    0.684702796936E+00    0.402896941612E-03     0.01900
   10    0.476786042164E+00    0.512368951136E-03     0.02157
   11    0.000000000000E+00    0.000000000000E+00     0.00000
   12    0.000000000000E+00    0.000000000000E+00     0.00000
   13    0.476833493201E+00    0.512310520682E-03     0.02160
   14    0.239887674950E+00    0.442767481668E-03     0.02496
   15    0.164367675781E-01    0.215268181524E-03     0.02125
   16    0.964765625000E+00    0.456948885326E-03     0.02402
   17    0.193847656250E-02    0.759306568421E-04     0.01192
   18    0.962827148438E+00    0.490509349124E-03     0.02539
   19    0.578212165833E-01    0.280278753739E-03     0.01931
   20    0.864908358315E-02    0.711330065027E-04     0.01217
   21    0.000000000000E+00    0.000000000000E+00     0.00000
   22    0.000000000000E+00    0.000000000000E+00     0.00000
   23    0.897201345375E-02    0.719399785851E-04     0.01289
   24    0.527960513907E-03    0.604214886044E-05     0.00624
   25    0.148693847656E-01    0.200983838385E-03     0.01947
   26    0.144775390625E-02    0.644213385268E-04     0.03919
   27    0.968413085937E+00    0.421611321341E-03     0.01743
   28   -0.965517578125E+00    0.479708759425E-03     0.02171
   29    0.684720262885E+00    0.402708912125E-03     0.01906
   30    0.476798209286E+00    0.512242442940E-03     0.02160
   31    0.000000000000E+00    0.000000000000E+00     0.00000
   32    0.000000000000E+00    0.000000000000E+00     0.00000
   33    0.478724518727E+00    0.496823089798E-03     0.02683
   34    0.962827148438E+00    0.490509349124E-03     0.02539
   35    0.191857910156E-01    0.243741963078E-03     0.01892
   36    0.966154785156E+00    0.439847724051E-03     0.02105
   37    0.227050781250E-03    0.229855868469E-04     0.01745
   38   -0.413818359375E-02    0.195275251877E-03     0.00300
   39    0.948647206777E+00    0.363943679937E-03     0.00379
   40    0.855136273138E+00    0.762416659643E-03     0.01158
   41    0.983287845432E+00    0.117839626721E-03    -0.00458
   42    0.000000000000E+00    0.000000000000E+00     0.00000
   43    0.947819350391E+00    0.340449042822E-03     0.00073
   44    0.386548823933E+00    0.103040582054E-02     0.04762
   45    0.000000000000E+00    0.000000000000E+00     0.00000
   46    0.152467889726E+00    0.883696825751E-03     0.02963
   47    0.983312917863E+00    0.117478615730E-03    -0.00460
   48    0.000000000000E+00    0.000000000000E+00     0.00000
   49    0.238025241812E+00    0.424403740304E-03     0.02495
 
PerIsn      64     409       4      80    0.03200000    0.88137359    -590
    1    0.599454354048E+00    0.627424341915E-03    -0.00033
    2    0.378395767498E+00    0.670865536815E-03     0.00496
    3    0.386637680936E+00    0.630408581968E-03     0.00749
    4    0.174364915344E+00    0.436585025079E-03     0.01175
    5    0.147033691406E+00    0.407320348948E-03    -0.03822
    6    0.454362792969E+00    0.152785796558E-02    -0.00201
    7    0.223940429687E+00    0.131232847462E-02     0.00505
    8    0.648193359375E-02    0.399421602347E-02     0.00742
    9    0.665078905821E+00    0.387995297203E-03    -0.00953
   10    0.450105843941E+00    0.478169438572E-03    -0.00436
   11    0.000000000000E+00    0.000000000000E+00     0.00000
   12    0.000000000000E+00    0.000000000000E+00     0.00000
   13    0.450165165994E+00    0.478095573018E-03    -0.00436
   14    0.214167890169E+00    0.390115935717E-03     0.00270
   15    0.174829101563E-01    0.230757147420E-03    -0.06157
   16    0.961708984375E+00    0.501438220256E-03    -0.06407
   17    0.276611328125E-02    0.927994029327E-04    -0.00867
   18    0.958942871094E+00    0.549003206014E-03    -0.05827
   19    0.526539003849E-01    0.253113193909E-03    -0.02909
   20    0.744865301880E-02    0.619471659829E-04    -0.04910
   21    0.000000000000E+00    0.000000000000E+00     0.00000
   22    0.000000000000E+00    0.000000000000E+00     0.00000
   23    0.774323348611E-02    0.626861808320E-04    -0.04814
   24    0.415854252442E-03    0.488455949966E-05    -0.06335
   25    0.131127929687E-01    0.187253160601E-03    -0.04681
   26    0.107910156250E-02    0.552273164960E-04    -0.00608
   27    0.972373046875E+00    0.394079599630E-03    -0.05085
   28   -0.970214843750E+00    0.444851152562E-03    -0.05508
   29    0.665097809434E+00    0.387691425261E-03    -0.00960
   30    0.450118201782E+00    0.477983380079E-03    -0.00439
   31    0.000000000000E+00    0.000000000000E+00     0.00000
   32    0.000000000000E+00    0.000000000000E+00     0.00000
   33    0.452871957222E+00    0.455410633007E-03     0.00210
   34    0.958942871094E+00    0.549003206014E-03    -0.05827
   35    0.195104980469E-01    0.252947535870E-03    -0.05371
   36    0.962768554687E+00    0.486771377043E-03    -0.06299
   37    0.515136718750E-03    0.376447619889E-04     0.05675
   38   -0.123510742188E-01    0.251069808288E-03    -0.01662
   39    0.949655237855E+00    0.350511886780E-03    -0.01743
   40    0.857332428517E+00    0.727495374087E-03    -0.00625
   41    0.982724301234E+00    0.120886690302E-03    -0.04338
   42    0.000000000000E+00    0.000000000000E+00     0.00000
   43    0.946214096403E+00    0.342224847522E-03    -0.03474
   44    0.372205983920E+00    0.986701769123E-03     0.05147
   45    0.000000000000E+00    0.000000000000E+00     0.00000
   46    0.144179515944E+00    0.830832003800E-03     0.01496
   47    0.982753184303E+00    0.120255964174E-03    -0.04400
   48    0.000000000000E+00    0.000000000000E+00     0.00000
   49    0.213874064681E+00    0.363887254451E-03     0.02702
 
PerIsn      64     409       4      80    0.03600000    0.88137359    -592
    1    0.598984273076E+00    0.637057355380E-03    -0.04622
    2    0.378023845886E+00    0.680112146622E-03    -0.04485
    3    0.386300041109E+00    0.640021633581E-03    -0.04196
    4    0.174199964505E+00    0.442799337233E-03    -0.03943
    5    0.146896972656E+00    0.424751927125E-03     0.00060
    6    0.452109375000E+00    0.155700516895E-02     0.00541
    7    0.225861816406E+00    0.131996965915E-02    -0.02641
    8    0.385742187500E-03    0.402589231139E-02    -0.01444
    9    0.702824854255E+00    0.395322715768E-03    -0.04969
   10    0.501959629682E+00    0.516035034932E-03    -0.04820
   11    0.000000000000E+00    0.000000000000E+00     0.00000
   12    0.000000000000E+00    0.000000000000E+00     0.00000
   13    0.501997827483E+00    0.515980697433E-03    -0.04821
   14    0.265197477479E+00    0.469311669371E-03    -0.04552
   15    0.153332519531E-01    0.202883626681E-03    -0.03442
   16    0.967409667969E+00    0.430463765823E-03    -0.03987
   17    0.147949218750E-02    0.636657333040E-04    -0.01027
   18    0.965930175781E+00    0.456689250254E-03    -0.04617
   19    0.611828100681E-01    0.284630399501E-03    -0.05925
   20    0.952162740432E-02    0.759999825107E-04    -0.05781
   21    0.000000000000E+00    0.000000000000E+00     0.00000
   22    0.000000000000E+00    0.000000000000E+00     0.00000
   23    0.986941805371E-02    0.768479295636E-04    -0.05828
   24    0.627054867404E-03    0.695372602911E-05    -0.04552
   25    0.161926269531E-01    0.211206607904E-03    -0.07364
   26    0.185546875000E-02    0.721265055361E-04     0.03914
   27    0.965319824219E+00    0.450354896864E-03    -0.06643
   28   -0.961608886719E+00    0.521956062442E-03    -0.04853
   29    0.702838947177E+00    0.395143983727E-03    -0.04986
   30    0.501969928582E+00    0.515913216698E-03    -0.04829
   31    0.000000000000E+00    0.000000000000E+00     0.00000
   32    0.000000000000E+00    0.000000000000E+00     0.00000
   33    0.503439121870E+00    0.503470371499E-03    -0.04200
   34    0.965930175781E+00    0.456689250254E-03    -0.04617
   35    0.191149902344E-01    0.239504589226E-03    -0.04326
   36    0.969064941406E+00    0.412240625790E-03    -0.04651
   37    0.659179687500E-04    0.134427501845E-04    -0.02353
   38    0.246582031250E-02    0.191082596088E-03     0.01974
   39    0.949099278518E+00    0.365804704630E-03    -0.04605
   40    0.856646108884E+00    0.750034753351E-03    -0.04630
   41    0.984068730928E+00    0.113574146086E-03    -0.04210
   42    0.000000000000E+00    0.000000000000E+00     0.00000
   43    0.950242141037E+00    0.328167148869E-03    -0.04649
   44    0.393140383348E+00    0.992539441573E-03     0.04336
   45    0.000000000000E+00    0.000000000000E+00     0.00000
   46    0.155337942152E+00    0.859049393400E-03    -0.02011
   47    0.984088005161E+00    0.113269831465E-03    -0.04299
   48    0.000000000000E+00    0.000000000000E+00     0.00000
   49    0.262390549321E+00    0.451686295018E-03    -0.03032
 
PerIsn      64     409       4      80    0.03800000    0.88137359    -593
    1    0.597624791265E+00    0.643317291160E-03     0.01661
    2    0.376486349164E+00    0.684788681121E-03     0.01167
    3    0.384874055840E+00    0.642956222749E-03     0.00854
    4    0.173162284581E+00    0.440742035973E-03    -0.00187
    5    0.146887207031E+00    0.400537681618E-03     0.06000
    6    0.449362792969E+00    0.153030834291E-02     0.00712
    7    0.228859863281E+00    0.133745639799E-02     0.01846
    8   -0.835693359375E-02    0.404632222406E-02     0.01169
    9    0.716161751151E+00    0.400070706768E-03     0.01704
   10    0.520939670307E+00    0.531018511183E-03     0.01409
   11    0.000000000000E+00    0.000000000000E+00     0.00000
   12    0.000000000000E+00    0.000000000000E+00     0.00000
   13    0.520971288226E+00    0.530969659154E-03     0.01409
   14    0.285220283898E+00    0.498168624330E-03     0.00820
   15    0.144226074219E-01    0.198957595568E-03     0.00983
   16    0.969562988281E+00    0.417189295950E-03     0.00723
   17    0.123291015625E-02    0.569682084280E-04     0.02427
   18    0.968330078125E+00    0.437417005283E-03     0.00551
   19    0.652646803856E-01    0.307507496694E-03     0.02578
   20    0.105244259498E-01    0.859395519450E-04     0.02929
   21    0.000000000000E+00    0.000000000000E+00     0.00000
   22    0.000000000000E+00    0.000000000000E+00     0.00000
   23    0.109019975321E-01    0.867909466941E-04     0.02984
   24    0.735559970938E-03    0.836583597923E-05     0.03060
   25    0.174316406250E-01    0.228291370082E-03     0.00741
   26    0.234375000000E-02    0.843316002028E-04     0.00582
   27    0.962292480469E+00    0.490141141531E-03    -0.00054
   28   -0.957604980469E+00    0.579319420326E-03    -0.00909
   29    0.716174883246E+00    0.399943671706E-03     0.01698
   30    0.520949569580E+00    0.530927252401E-03     0.01405
   31    0.000000000000E+00    0.000000000000E+00     0.00000
   32    0.000000000000E+00    0.000000000000E+00     0.00000
   33    0.522172580463E+00    0.521510628404E-03     0.01363
   34    0.968330078125E+00    0.437417005283E-03     0.00551
   35    0.194750976562E-01    0.248903837290E-03     0.00505
   36    0.971613769531E+00    0.393799110201E-03     0.01215
   37    0.219726562500E-04    0.729552434487E-05    -0.00888
   38    0.838134765625E-02    0.214166416776E-03     0.00911
   39    0.948654292319E+00    0.365977394169E-03     0.04058
   40    0.855428993771E+00    0.764777615894E-03     0.03592
   41    0.984543284081E+00    0.111257942328E-03     0.04546
   42    0.000000000000E+00    0.000000000000E+00     0.00000
   43    0.951584085978E+00    0.324921360608E-03     0.04470
   44    0.404723119924E+00    0.967563171250E-03     0.01587
   45    0.000000000000E+00    0.000000000000E+00     0.00000
   46    0.161582406445E+00    0.908079367571E-03     0.02645
   47    0.984560681769E+00    0.111026044252E-03     0.04511
   48    0.000000000000E+00    0.000000000000E+00     0.00000
   49    0.281581879926E+00    0.483681563509E-03     0.01270
 
PerIsn      64     409       4      80    0.04000000    0.88137359    -594
    1    0.597650604844E+00    0.662250815563E-03     0.05562
    2    0.376571088148E+00    0.706520516339E-03     0.04617
    3    0.384941505915E+00    0.663948028591E-03     0.04575
    4    0.173267503379E+00    0.458059107687E-03     0.03372
    5    0.146921386719E+00    0.409797597237E-03     0.00695
    6    0.450014648438E+00    0.160923724316E-02     0.02351
    7    0.228056640625E+00    0.137908302612E-02     0.03884
    8   -0.609863281250E-02    0.421374365097E-02     0.03523
    9    0.728051297069E+00    0.405455824927E-03     0.06042
   10    0.538128442606E+00    0.549077038017E-03     0.05578
   11    0.000000000000E+00    0.000000000000E+00     0.00000
   12    0.000000000000E+00    0.000000000000E+00     0.00000
   13    0.538155024778E+00    0.549024529886E-03     0.05578
   14    0.303917091561E+00    0.535100099174E-03     0.04747
   15    0.134533691406E-01    0.191690881122E-03     0.06155
   16    0.971696777344E+00    0.397861068934E-03     0.05436
   17    0.103027343750E-02    0.531841887824E-04    -0.00178
   18    0.970666503906E+00    0.414193226408E-03     0.04707
   19    0.684521418810E-01    0.321508915573E-03     0.06986
   20    0.113497023510E-01    0.919163817334E-04     0.07774
   21    0.000000000000E+00    0.000000000000E+00     0.00000
   22    0.000000000000E+00    0.000000000000E+00     0.00000
   23    0.117544030883E-01    0.927453025858E-04     0.07727
   24    0.830960730385E-03    0.940599501067E-05     0.07445
   25    0.181835937500E-01    0.232078259450E-03     0.03349
   26    0.274169921875E-02    0.896613166401E-04     0.00795
   27    0.960292968750E+00    0.501643146172E-03     0.04232
   28   -0.954809570313E+00    0.598222711339E-03     0.04057
   29    0.728062266707E+00    0.405306684423E-03     0.06039
   30    0.538136934051E+00    0.548970430641E-03     0.05575
   31    0.000000000000E+00    0.000000000000E+00     0.00000
   32    0.000000000000E+00    0.000000000000E+00     0.00000
   33    0.539158716043E+00    0.540796316491E-03     0.05731
   34    0.970666503906E+00    0.414193226408E-03     0.04707
   35    0.197802734375E-01    0.250221488067E-03     0.04177
   36    0.973916015625E+00    0.373529923035E-03     0.05687
   37    0.195312500000E-04    0.688167379966E-05    -0.00788
   38    0.131152343750E-01    0.243648315334E-03     0.00936
   39    0.948522753637E+00    0.374622916460E-03     0.09345
   40    0.855209200148E+00    0.777168183477E-03     0.07936
   41    0.985004042152E+00    0.107793321219E-03     0.08581
   42    0.000000000000E+00    0.000000000000E+00     0.00000
   43    0.952927093395E+00    0.316086509768E-03     0.08747
   44    0.412847454778E+00    0.995875060426E-03     0.05477
   45    0.000000000000E+00    0.000000000000E+00     0.00000
   46    0.166272588956E+00    0.926687954917E-03     0.06227
   47    0.985018181549E+00    0.107536868873E-03     0.08597
   48    0.000000000000E+00    0.000000000000E+00     0.00000
   49    0.299476823312E+00    0.524271938673E-03     0.03543
 
PerIsn      96     409       4      80    0.03200000    0.88137359    -595
    1    0.570050750309E+00    0.638915127010E-03     0.00873
    2    0.342322757189E+00    0.647085447494E-03     0.00441
    3    0.349670794266E+00    0.608342245311E-03     0.00471
    4    0.142599101473E+00    0.380058706631E-03     0.00121
    5    0.147043457031E+00    0.422487417039E-03    -0.02473
    6    0.453103027344E+00    0.161659000127E-02    -0.03213
    7    0.224792480469E+00    0.141554461086E-02     0.00506
    8    0.351806640625E-02    0.428124809533E-02    -0.00785
    9    0.649375797908E+00    0.383974059909E-03     0.00263
   10    0.428502134660E+00    0.462622263109E-03     0.00094
   11    0.000000000000E+00    0.000000000000E+00     0.00000
   12    0.000000000000E+00    0.000000000000E+00     0.00000
   13    0.428532283482E+00    0.462564257626E-03     0.00093
   14    0.193240373550E+00    0.358751368108E-03    -0.00187
   15    0.171289062500E-01    0.228202536182E-03    -0.02826
   16    0.962722167969E+00    0.493894003064E-03    -0.02085
   17    0.243652343750E-02    0.808400654311E-04    -0.03169
   18    0.960285644531E+00    0.533201180598E-03    -0.01874
   19    0.564430475235E-01    0.271475881184E-03    -0.00233
   20    0.794409285512E-02    0.674501880204E-04     0.00423
   21    0.000000000000E+00    0.000000000000E+00     0.00000
   22    0.000000000000E+00    0.000000000000E+00     0.00000
   23    0.829280711624E-02    0.684264010288E-04     0.00350
   24    0.445924888015E-03    0.533632706112E-05     0.00687
   25    0.137390136719E-01    0.199019084384E-03    -0.00788
   26    0.120605468750E-02    0.562160690820E-04    -0.00957
   27    0.970910644531E+00    0.415967775116E-03    -0.01000
   28   -0.968498535156E+00    0.461616612591E-03    -0.01680
   29    0.649391427040E+00    0.383758136295E-03     0.00244
   30    0.428512424470E+00    0.462487676390E-03     0.00084
   31    0.000000000000E+00    0.000000000000E+00     0.00000
   32    0.000000000000E+00    0.000000000000E+00     0.00000
   33    0.430938658098E+00    0.441728433769E-03    -0.00696
   34    0.960285644531E+00    0.533201180598E-03    -0.01874
   35    0.187329101562E-01    0.244326499666E-03    -0.02565
   36    0.963913574219E+00    0.480873386875E-03    -0.02112
   37    0.336914062500E-03    0.290456110539E-04     0.03101
   38   -0.941894531250E-02    0.214402387746E-03    -0.02103
   39    0.949273313278E+00    0.387610521554E-03     0.03070
   40    0.857436429117E+00    0.794064525590E-03     0.02507
   41    0.984099944432E+00    0.119455739855E-03     0.02457
   42    0.000000000000E+00    0.000000000000E+00     0.00000
   43    0.950318583081E+00    0.345247859301E-03     0.02599
   44    0.401029755296E+00    0.987917298574E-03     0.05384
   45    0.000000000000E+00    0.000000000000E+00     0.00000
   46    0.154220254836E+00    0.892886184180E-03     0.01330
   47    0.984123683310E+00    0.119026551204E-03     0.02330
   48    0.000000000000E+00    0.000000000000E+00     0.00000
   49    0.193388423643E+00    0.333754069308E-03    -0.01180
 
PerIsn      96     409       4      80    0.03600000    0.88137359    -597
    1    0.569859539138E+00    0.626028712001E-03     0.05403
    2    0.342156769983E+00    0.640526712863E-03     0.05691
    3    0.349514496492E+00    0.603929340398E-03     0.05504
    4    0.142549837284E+00    0.381247967320E-03     0.05177
    5    0.146558837891E+00    0.411214482132E-03    -0.02608
    6    0.453942871094E+00    0.159197498810E-02     0.02724
    7    0.225061035156E+00    0.135875361682E-02     0.04571
    8    0.382080078125E-02    0.414607108978E-02     0.04412
    9    0.686972032123E+00    0.379125444395E-03     0.06105
   10    0.478993943563E+00    0.486579621928E-03     0.06138
   11    0.000000000000E+00    0.000000000000E+00     0.00000
   12    0.000000000000E+00    0.000000000000E+00     0.00000
   13    0.479013952757E+00    0.486537312395E-03     0.06135
   14    0.240609242869E+00    0.425286376129E-03     0.06093
   15    0.151525878906E-01    0.201702136511E-03     0.03141
   16    0.967539062500E+00    0.430062236620E-03     0.03693
   17    0.167480468750E-02    0.713152635964E-04    -0.02739
   18    0.965864257812E+00    0.461849080101E-03     0.03417
   19    0.641076646911E-01    0.291868660367E-03     0.05967
   20    0.983079377536E-02    0.780393625840E-04     0.05493
   21    0.000000000000E+00    0.000000000000E+00     0.00000
   22    0.000000000000E+00    0.000000000000E+00     0.00000
   23    0.102606849662E-01    0.789639630911E-04     0.05510
   24    0.641011455623E-03    0.712526856953E-05     0.04434
   25    0.158850097656E-01    0.205583922165E-03     0.04626
   26    0.189208984375E-02    0.767944860745E-04     0.00116
   27    0.965844726563E+00    0.442623577567E-03     0.04738
   28   -0.962060546875E+00    0.524916557205E-03     0.03939
   29    0.686984130277E+00    0.378997549809E-03     0.06104
   30    0.479002801590E+00    0.486493048374E-03     0.06138
   31    0.000000000000E+00    0.000000000000E+00     0.00000
   32    0.000000000000E+00    0.000000000000E+00     0.00000
   33    0.480668748250E+00    0.473599031742E-03     0.06181
   34    0.965864257812E+00    0.461849080101E-03     0.03417
   35    0.180358886719E-01    0.229372929075E-03     0.03766
   36    0.969323730469E+00    0.406177658879E-03     0.03935
   37    0.634765625000E-04    0.122957260877E-04     0.01339
   38    0.191162109375E-02    0.168632780864E-03    -0.02197
   39    0.949096796660E+00    0.362210596366E-03     0.02812
   40    0.856966136093E+00    0.757218080265E-03     0.05123
   41    0.985253737050E+00    0.104019548619E-03     0.04587
   42    0.000000000000E+00    0.000000000000E+00     0.00000
   43    0.953639038135E+00    0.305560297837E-03     0.04720
   44    0.418052983925E+00    0.100069137805E-02     0.07395
   45    0.000000000000E+00    0.000000000000E+00     0.00000
   46    0.164243017894E+00    0.904417433809E-03     0.07459
   47    0.985270219058E+00    0.103776350380E-03     0.04576
   48    0.000000000000E+00    0.000000000000E+00     0.00000
   49    0.239207987743E+00    0.408299031216E-03     0.05668
 
PerIsn      96     409       4      80    0.03400000    0.88137359    -596
    1    0.569839206537E+00    0.646872323525E-03    -0.04597
    2    0.342094880486E+00    0.660460308698E-03    -0.04494
    3    0.349462444512E+00    0.622605696828E-03    -0.04410
    4    0.142471049215E+00    0.392788906713E-03    -0.03942
    5    0.146520996094E+00    0.418764867188E-03    -0.07521
    6    0.454436035156E+00    0.164620838388E-02    -0.07961
    7    0.224343261719E+00    0.140233349118E-02    -0.00447
    8    0.574951171875E-02    0.429002411393E-02    -0.03266
    9    0.669957481490E+00    0.387885391440E-03    -0.03485
   10    0.455794438834E+00    0.484798775648E-03    -0.03582
   11    0.000000000000E+00    0.000000000000E+00     0.00000
   12    0.000000000000E+00    0.000000000000E+00     0.00000
   13    0.455818657197E+00    0.484739671358E-03    -0.03582
   14    0.218202516865E+00    0.403080364079E-03    -0.03645
   15    0.158947753906E-01    0.211105810282E-03    -0.00383
   16    0.965676269531E+00    0.452323404624E-03    -0.00364
   17    0.203369140625E-02    0.786719469107E-04    -0.05384
   18    0.963642578125E+00    0.487554731222E-03    -0.01023
   19    0.605874151654E-01    0.282197794086E-03    -0.02753
   20    0.894533151548E-02    0.727728898268E-04    -0.01509
   21    0.000000000000E+00    0.000000000000E+00     0.00000
   22    0.000000000000E+00    0.000000000000E+00     0.00000
   23    0.933427146075E-02    0.737609729082E-04    -0.01573
   24    0.546422354994E-03    0.620712203387E-05    -0.01016
   25    0.147167968750E-01    0.205967164066E-03    -0.01708
   26    0.162109375000E-02    0.697505366510E-04    -0.04787
   27    0.968518066406E+00    0.439390852398E-03    -0.01271
   28   -0.965275878906E+00    0.507911066181E-03    -0.01494
   29    0.669971191883E+00    0.387666637002E-03    -0.03475
   30    0.455803911425E+00    0.484658825414E-03    -0.03576
   31    0.000000000000E+00    0.000000000000E+00     0.00000
   32    0.000000000000E+00    0.000000000000E+00     0.00000
   33    0.457828130241E+00    0.466649187183E-03    -0.04622
   34    0.963642578125E+00    0.487554731222E-03    -0.01023
   35    0.179980468750E-01    0.235819759100E-03    -0.01698
   36    0.967258300781E+00    0.431638650720E-03    -0.00894
   37    0.134277343750E-03    0.179569917815E-04     0.00080
   38   -0.325439453125E-02    0.174329673974E-03     0.00620
   39    0.949200762212E+00    0.378404976287E-03    -0.02274
   40    0.857184675745E+00    0.785322603837E-03    -0.03250
   41    0.984748800693E+00    0.110697383517E-03     0.00434
   42    0.000000000000E+00    0.000000000000E+00     0.00000
   43    0.952191804357E+00    0.322036357842E-03     0.00189
   44    0.410363201193E+00    0.100362732989E-02     0.01331
   45    0.000000000000E+00    0.000000000000E+00     0.00000
   46    0.159452890071E+00    0.895247040838E-03    -0.00329
   47    0.984768639984E+00    0.110279057724E-03     0.00451
   48    0.000000000000E+00    0.000000000000E+00     0.00000
   49    0.217514876986E+00    0.380617369855E-03    -0.05718
 
PerIsn      96     409       4      80    0.04000000    0.88137359    -599
    1    0.568336354627E+00    0.636180162054E-03    -0.02691
    2    0.340590229105E+00    0.643767214349E-03    -0.02659
    3    0.348050093421E+00    0.606173947084E-03    -0.02882
    4    0.141654331610E+00    0.377733180488E-03    -0.03114
    5    0.146444091797E+00    0.413391988153E-03    -0.03867
    6    0.451032714844E+00    0.161325175104E-02    -0.02249
    7    0.228266601563E+00    0.135187156923E-02    -0.01136
    8   -0.550048828125E-02    0.416168443152E-02    -0.01429
    9    0.711772553656E+00    0.389224758785E-03    -0.02299
   10    0.513869813761E+00    0.515367239879E-03    -0.02312
   11    0.000000000000E+00    0.000000000000E+00     0.00000
   12    0.000000000000E+00    0.000000000000E+00     0.00000
   13    0.513884636605E+00    0.515319350346E-03    -0.02311
   14    0.276393569393E+00    0.478694872444E-03    -0.02412
   15    0.138696289063E-01    0.197588843638E-03    -0.05196
   16    0.970825195312E+00    0.415489168111E-03    -0.04767
   17    0.111083984375E-02    0.537830811692E-04    -0.01933
   18    0.969714355469E+00    0.438700827854E-03    -0.04292
   19    0.709455206659E-01    0.323725566085E-03    -0.01137
   20    0.115892516557E-01    0.940255537205E-04    -0.01868
   21    0.000000000000E+00    0.000000000000E+00     0.00000
   22    0.000000000000E+00    0.000000000000E+00     0.00000
   23    0.120968943554E-01    0.950551781805E-04    -0.01926
   24    0.836833222050E-03    0.968402223918E-05    -0.03793
   25    0.175903320312E-01    0.232633219749E-03    -0.00924
   26    0.242187500000E-02    0.878996402662E-04    -0.05249
   27    0.961816406250E+00    0.506916950267E-03    -0.01438
   28   -0.956972656250E+00    0.608812342358E-03    -0.02672
   29    0.711783500248E+00    0.389092213128E-03    -0.02286
   30    0.513878225836E+00    0.515271400729E-03    -0.02305
   31    0.000000000000E+00    0.000000000000E+00     0.00000
   32    0.000000000000E+00    0.000000000000E+00     0.00000
   33    0.514980653604E+00    0.504505421422E-03    -0.02621
   34    0.969714355469E+00    0.438700827854E-03    -0.04292
   35    0.188330078125E-01    0.248502163402E-03    -0.02114
   36    0.972951660156E+00    0.384936720475E-03    -0.04199
   37    0.976562500000E-05    0.487564769423E-05    -0.00393
   38    0.103198242188E-01    0.220920118982E-03     0.02697
   39    0.948371927285E+00    0.381680989537E-03    -0.03182
   40    0.855172349151E+00    0.783439052053E-03    -0.02047
   41    0.985892057816E+00    0.104285730863E-03    -0.02034
   42    0.000000000000E+00    0.000000000000E+00     0.00000
   43    0.955439811130E+00    0.307977532599E-03    -0.01707
   44    0.434304737881E+00    0.992668021407E-03     0.03898
   45    0.000000000000E+00    0.000000000000E+00     0.00000
   46    0.174867403910E+00    0.937192506041E-03     0.03451
   47    0.985906243449E+00    0.104050205722E-03    -0.01948
   48    0.000000000000E+00    0.000000000000E+00     0.00000
   49    0.273487828752E+00    0.464681491078E-03    -0.02545
 
PerIsn      96     409       4      80    0.03800000    0.88137359    -598
    1    0.569734188716E+00    0.642094957758E-03    -0.02051
    2    0.341878773977E+00    0.654067023997E-03    -0.02006
    3    0.349244080022E+00    0.616123123412E-03    -0.01908
    4    0.142287750711E+00    0.386739170061E-03    -0.01817
    5    0.146287841797E+00    0.418929018715E-03    -0.07040
    6    0.452551269531E+00    0.165564010906E-02    -0.03544
    7    0.226479492187E+00    0.140580735585E-02    -0.02647
    8   -0.407714843750E-03    0.430595933636E-02    -0.02700
    9    0.700899345875E+00    0.388519547909E-03    -0.01855
   10    0.498344583759E+00    0.508131535375E-03    -0.01832
   11    0.000000000000E+00    0.000000000000E+00     0.00000
   12    0.000000000000E+00    0.000000000000E+00     0.00000
   13    0.498361782557E+00    0.508083641834E-03    -0.01833
   14    0.260024217156E+00    0.460629823108E-03    -0.01836
   15    0.141113281250E-01    0.195195764464E-03    -0.02268
   16    0.970029296875E+00    0.410282943088E-03    -0.03467
   17    0.130615234375E-02    0.617684709398E-04    -0.03407
   18    0.968723144531E+00    0.434836736332E-03    -0.04647
   19    0.672625144323E-01    0.308505103242E-03    -0.02121
   20    0.106032976475E-01    0.856584510648E-04    -0.02409
   21    0.000000000000E+00    0.000000000000E+00     0.00000
   22    0.000000000000E+00    0.000000000000E+00     0.00000
   23    0.110726763403E-01    0.867147514438E-04    -0.02348
   24    0.728008572340E-03    0.826367023319E-05    -0.02780
   25    0.163903808594E-01    0.219623782359E-03    -0.04087
   26    0.209960937500E-02    0.750372830346E-04    -0.02981
   27    0.964536132813E+00    0.468907458775E-03    -0.03832
   28   -0.960336914063E+00    0.544307366647E-03    -0.04299
   29    0.700912003782E+00    0.388370397773E-03    -0.01846
   30    0.498354063273E+00    0.508025541087E-03    -0.01827
   31    0.000000000000E+00    0.000000000000E+00     0.00000
   32    0.000000000000E+00    0.000000000000E+00     0.00000
   33    0.499650736103E+00    0.495726001190E-03    -0.01199
   34    0.968723144531E+00    0.434836736332E-03    -0.04647
   35    0.179052734375E-01    0.235005336238E-03    -0.03692
   36    0.971906738281E+00    0.388821095671E-03    -0.02813
   37    0.244140625000E-04    0.768636869636E-05    -0.00987
   38    0.628662109375E-02    0.175761609862E-03     0.00697
   39    0.949450713232E+00    0.374162239623E-03    -0.02575
   40    0.857216638962E+00    0.783199931764E-03    -0.02602
   41    0.985783550294E+00    0.103150748079E-03    -0.03021
   42    0.000000000000E+00    0.000000000000E+00     0.00000
   43    0.955158981078E+00    0.304336181131E-03    -0.02833
   44    0.426682905464E+00    0.990048058520E-03     0.00492
   45    0.000000000000E+00    0.000000000000E+00     0.00000
   46    0.168410326465E+00    0.915670008303E-03     0.00757
   47    0.985800404274E+00    0.102901236722E-03    -0.02968
   48    0.000000000000E+00    0.000000000000E+00     0.00000
   49    0.257711255788E+00    0.444984947365E-03    -0.00684
 
PerIsn     128     409       4      80    0.04000000    0.88137359    -604
    1    0.549245227724E+00    0.652986823363E-03    -0.02006
    2    0.317997191721E+00    0.643199049533E-03    -0.02342
    3    0.324851221722E+00    0.607803770551E-03    -0.02376
    4    0.123265501283E+00    0.358089654783E-03    -0.02108
    5    0.146660156250E+00    0.422244359434E-03     0.00840
    6    0.453286132812E+00    0.170976143217E-02    -0.02286
    7    0.225625000000E+00    0.145204254518E-02    -0.03060
    8    0.203613281250E-02    0.445743823254E-02    -0.02930
    9    0.701286469996E+00    0.396240535567E-03    -0.01410
   10    0.498528455096E+00    0.519980498870E-03    -0.01795
   11    0.000000000000E+00    0.000000000000E+00     0.00000
   12    0.000000000000E+00    0.000000000000E+00     0.00000
   13    0.498539576017E+00    0.519921458874E-03    -0.01795
   14    0.259626860830E+00    0.473109732290E-03    -0.02278
   15    0.140002441406E-01    0.198775506505E-03     0.03454
   16    0.970417480469E+00    0.417609069615E-03     0.03937
   17    0.120361328125E-02    0.578874092876E-04    -0.03309
   18    0.969213867188E+00    0.439455750160E-03     0.03966
   19    0.710045669973E-01    0.331822231806E-03    -0.00348
   20    0.114480715673E-01    0.944120860446E-04     0.01445
   21    0.000000000000E+00    0.000000000000E+00     0.00000
   22    0.000000000000E+00    0.000000000000E+00     0.00000
   23    0.120164608049E-01    0.956776880304E-04     0.01442
   24    0.819958903085E-03    0.948836259219E-05     0.02993
   25    0.171154785156E-01    0.231442239085E-03     0.04583
   26    0.232666015625E-02    0.823296228007E-04     0.02917
   27    0.962885742188E+00    0.498108335703E-03     0.04527
   28   -0.958232421875E+00    0.585358642949E-03     0.04171
   29    0.701298557967E+00    0.396091146148E-03    -0.01412
   30    0.498537716051E+00    0.519873616570E-03    -0.01796
   31    0.000000000000E+00    0.000000000000E+00     0.00000
   32    0.000000000000E+00    0.000000000000E+00     0.00000
   33    0.499732068377E+00    0.510975259522E-03    -0.02125
   34    0.969213867188E+00    0.439455750160E-03     0.03966
   35    0.180480957031E-01    0.242864030187E-03     0.04383
   36    0.972526855469E+00    0.392148497142E-03     0.03988
   37    0.976562500000E-05    0.487564769423E-05    -0.00393
   38    0.865478515625E-02    0.196147175564E-03    -0.02236
   39    0.948657183245E+00    0.393200943967E-03     0.02333
   40    0.856105845967E+00    0.814759182777E-03    -0.00603
   41    0.986508810023E+00    0.101249821215E-03     0.03691
   42    0.000000000000E+00    0.000000000000E+00     0.00000
   43    0.957303524223E+00    0.302405529077E-03     0.03040
   44    0.440392821171E+00    0.104438356271E-02     0.01613
   45    0.000000000000E+00    0.000000000000E+00     0.00000
   46    0.176100692038E+00    0.986736028953E-03    -0.01625
   47    0.986524492674E+00    0.100984671691E-03     0.03736
   48    0.000000000000E+00    0.000000000000E+00     0.00000
   49    0.257664637929E+00    0.458398289801E-03    -0.04492
 
PerIsn     128     409       4      80    0.03800000    0.88137359    -603
    1    0.549320263267E+00    0.631836799456E-03     0.01644
    2    0.317994779599E+00    0.617216222514E-03     0.01770
    3    0.324855239137E+00    0.581034726097E-03     0.01796
    4    0.123181778443E+00    0.338281672259E-03     0.02266
    5    0.146995849609E+00    0.432299398987E-03     0.02054
    6    0.452602539062E+00    0.163162753090E-02     0.03665
    7    0.225607910156E+00    0.141766836614E-02    -0.01221
    8    0.138671875000E-02    0.429896833277E-02     0.00687
    9    0.689676180780E+00    0.381928376154E-03     0.01410
   10    0.482290622522E+00    0.490162302479E-03     0.01604
   11    0.000000000000E+00    0.000000000000E+00     0.00000
   12    0.000000000000E+00    0.000000000000E+00     0.00000
   13    0.482303035211E+00    0.490106590502E-03     0.01604
   14    0.243191171115E+00    0.427617910131E-03     0.02007
   15    0.145690917969E-01    0.205966707917E-03     0.02615
   16    0.969008789062E+00    0.432326449822E-03     0.03562
   17    0.145507812500E-02    0.658646040886E-04    -0.03802
   18    0.967553710937E+00    0.459127619795E-03     0.03731
   19    0.682925470173E-01    0.316922021633E-03     0.00180
   20    0.107322606040E-01    0.893342487074E-04    -0.00286
   21    0.000000000000E+00    0.000000000000E+00     0.00000
   22    0.000000000000E+00    0.000000000000E+00     0.00000
   23    0.112612301709E-01    0.903781116188E-04    -0.00260
   24    0.734862588512E-03    0.864991754942E-05    -0.00648
   25    0.164660644531E-01    0.225515561353E-03     0.01697
   26    0.208740234375E-02    0.803874356951E-04    -0.02270
   27    0.964528808594E+00    0.483650830089E-03     0.00987
   28   -0.960354003906E+00    0.571184306244E-03     0.00058
   29    0.689688642025E+00    0.381767633967E-03     0.01418
   30    0.482299901853E+00    0.490049903424E-03     0.01608
   31    0.000000000000E+00    0.000000000000E+00     0.00000
   32    0.000000000000E+00    0.000000000000E+00     0.00000
   33    0.483745700647E+00    0.473968322304E-03     0.01230
   34    0.967553710937E+00    0.459127619795E-03     0.03731
   35    0.176916503906E-01    0.239122007355E-03     0.01306
   36    0.970930175781E+00    0.407388946871E-03     0.03716
   37    0.195312500000E-04    0.688167379966E-05    -0.00788
   38    0.511230468750E-02    0.171850935179E-03    -0.01979
   39    0.948923601877E+00    0.392735760934E-03     0.00906
   40    0.856708903937E+00    0.805825025808E-03    -0.00009
   41    0.986237783035E+00    0.104021584826E-03    -0.00505
   42    0.000000000000E+00    0.000000000000E+00     0.00000
   43    0.956515882987E+00    0.309167659107E-03    -0.01054
   44    0.434565666098E+00    0.991200497921E-03     0.03438
   45    0.000000000000E+00    0.000000000000E+00     0.00000
   46    0.172570092620E+00    0.939016168418E-03     0.00457
   47    0.986254446892E+00    0.103764950693E-03    -0.00459
   48    0.000000000000E+00    0.000000000000E+00     0.00000
   49    0.241857273916E+00    0.406358134583E-03     0.00316
 
PerIsn     128     409       4      80    0.03600000    0.88137359    -602
    1    0.549173814207E+00    0.637021240895E-03     0.02155
    2    0.317863277890E+00    0.624677377988E-03     0.01866
    3    0.324700865854E+00    0.588422546022E-03     0.01918
    4    0.123085502269E+00    0.342563107316E-03     0.01704
    5    0.146795654297E+00    0.422251643400E-03    -0.03465
    6    0.452768554688E+00    0.170096510490E-02    -0.00303
    7    0.225935058594E+00    0.144120339663E-02    -0.00177
    8    0.898437500000E-03    0.443192093851E-02     0.00015
    9    0.675469543636E+00    0.383942744539E-03     0.02786
   10    0.462851695204E+00    0.483690405766E-03     0.02656
   11    0.000000000000E+00    0.000000000000E+00     0.00000
   12    0.000000000000E+00    0.000000000000E+00     0.00000
   13    0.462866332956E+00    0.483636681212E-03     0.02655
   14    0.224299767466E+00    0.406546898058E-03     0.02430
   15    0.153088378906E-01    0.208561685666E-03     0.04869
   16    0.967209472656E+00    0.445472583185E-03     0.04543
   17    0.173339843750E-02    0.694194623225E-04    -0.01361
   18    0.965476074219E+00    0.478461894925E-03     0.03877
   19    0.656117998064E-01    0.304978598509E-03     0.03416
   20    0.100402663786E-01    0.821256715065E-04     0.03067
   21    0.000000000000E+00    0.000000000000E+00     0.00000
   22    0.000000000000E+00    0.000000000000E+00     0.00000
   23    0.105267846516E-01    0.833599841574E-04     0.02976
   24    0.655126576193E-03    0.746298446287E-05     0.03604
   25    0.159277343750E-01    0.215267481189E-03     0.06859
   26    0.197998046875E-02    0.759445827693E-04    -0.02458
   27    0.965664062500E+00    0.461552697425E-03     0.06668
   28   -0.961704101563E+00    0.540483874420E-03     0.05055
   29    0.675485674292E+00    0.383760733418E-03     0.02777
   30    0.462863187065E+00    0.483565012734E-03     0.02651
   31    0.000000000000E+00    0.000000000000E+00     0.00000
   32    0.000000000000E+00    0.000000000000E+00     0.00000
   33    0.464585093641E+00    0.465483248219E-03     0.03356
   34    0.965476074219E+00    0.478461894925E-03     0.03877
   35    0.177490234375E-01    0.233064669707E-03     0.05507
   36    0.969133300781E+00    0.421431042020E-03     0.05137
   37    0.390625000000E-04    0.969376512007E-05    -0.01589
   38    0.179199218750E-02    0.147000464860E-03     0.01241
   39    0.948810067689E+00    0.389931400726E-03     0.03718
   40    0.856564342206E+00    0.812755152948E-03     0.02380
   41    0.985756580579E+00    0.106034720377E-03     0.03912
   42    0.000000000000E+00    0.000000000000E+00     0.00000
   43    0.955173715089E+00    0.313773076561E-03     0.03734
   44    0.428764348625E+00    0.983686710952E-03     0.08449
   45    0.000000000000E+00    0.000000000000E+00     0.00000
   46    0.169147763391E+00    0.937367787495E-03     0.03225
   47    0.985779186863E+00    0.105703055627E-03     0.03921
   48    0.000000000000E+00    0.000000000000E+00     0.00000
   49    0.223557387902E+00    0.381743689695E-03     0.02861
 
PerIsn     128     409       4      80    0.03400000    0.88137359    -601
    1    0.549235894084E+00    0.627425570010E-03     0.04892
    2    0.317834097154E+00    0.616551484697E-03     0.04596
    3    0.324666405930E+00    0.581192747739E-03     0.04335
    4    0.123016612768E+00    0.340288932555E-03     0.03780
    5    0.146943359375E+00    0.418588637375E-03     0.03640
    6    0.452844238281E+00    0.166627448897E-02     0.03923
    7    0.225214843750E+00    0.143091797997E-02     0.02677
    8    0.241455078125E-02    0.437425930152E-02     0.03230
    9    0.658811864853E+00    0.371199278509E-03     0.05586
   10    0.440426023848E+00    0.456234871769E-03     0.05255
   11    0.000000000000E+00    0.000000000000E+00     0.00000
   12    0.000000000000E+00    0.000000000000E+00     0.00000
   13    0.440442794655E+00    0.456177700063E-03     0.05256
   14    0.203276682230E+00    0.365818445956E-03     0.04661
   15    0.159179687500E-01    0.214482431331E-03     0.05616
   16    0.965729980469E+00    0.455894601064E-03     0.04843
   17    0.191406250000E-02    0.740776355327E-04    -0.00468
   18    0.963815917969E+00    0.486998716326E-03     0.04013
   19    0.621695865691E-01    0.281383860443E-03     0.06321
   20    0.912425873249E-02    0.734912032687E-04     0.07451
   21    0.000000000000E+00    0.000000000000E+00     0.00000
   22    0.000000000000E+00    0.000000000000E+00     0.00000
   23    0.956307952860E-02    0.745478484095E-04     0.07285
   24    0.552368552617E-03    0.626392208319E-05     0.06792
   25    0.149853515625E-01    0.200501018845E-03     0.03862
   26    0.155273437500E-02    0.659494720771E-04     0.00167
   27    0.968020019531E+00    0.427173482933E-03     0.03742
   28   -0.964914550781E+00    0.490164630278E-03     0.03242
   29    0.658827468306E+00    0.371029175923E-03     0.05589
   30    0.440436744890E+00    0.456125495721E-03     0.05256
   31    0.000000000000E+00    0.000000000000E+00     0.00000
   32    0.000000000000E+00    0.000000000000E+00     0.00000
   33    0.442340086348E+00    0.440259951096E-03     0.05306
   34    0.963815917969E+00    0.486998716326E-03     0.04013
   35    0.177160644531E-01    0.230021026198E-03     0.05779
   36    0.967248535156E+00    0.437618352807E-03     0.05024
   37    0.878906250000E-04    0.143956724971E-04    -0.00667
   38   -0.265136718750E-02    0.161216102091E-03     0.05657
   39    0.949111722283E+00    0.379572228904E-03     0.06316
   40    0.856862116157E+00    0.787241544840E-03     0.06436
   41    0.985484621184E+00    0.106358730144E-03     0.08061
   42    0.000000000000E+00    0.000000000000E+00     0.00000
   43    0.954314352417E+00    0.312420091518E-03     0.08122
   44    0.423602355817E+00    0.978522727981E-03     0.03414
   45    0.000000000000E+00    0.000000000000E+00     0.00000
   46    0.165564258930E+00    0.887550968380E-03     0.06563
   47    0.985507312981E+00    0.105994216720E-03     0.08058
   48    0.000000000000E+00    0.000000000000E+00     0.00000
   49    0.203010500597E+00    0.344784492994E-03     0.04524
 
PerIsn     128     409       4      80    0.03200000    0.88137359    -600
    1    0.547981886566E+00    0.636356974513E-03     0.00672
    2    0.316730822816E+00    0.620966516352E-03     0.00879
    3    0.323678218392E+00    0.584713624171E-03     0.00961
    4    0.122564693050E+00    0.338702137288E-03     0.01151
    5    0.146383056641E+00    0.412986029045E-03     0.00092
    6    0.450400390625E+00    0.169007345019E-02     0.00428
    7    0.229274902344E+00    0.143888139570E-02     0.00548
    8   -0.814941406250E-02    0.441556065861E-02     0.00709
    9    0.637528088689E+00    0.379626800925E-03     0.00141
   10    0.412819577596E+00    0.449884735503E-03     0.00204
   11    0.000000000000E+00    0.000000000000E+00     0.00000
   12    0.000000000000E+00    0.000000000000E+00     0.00000
   13    0.412839635635E+00    0.449822650961E-03     0.00206
   14    0.179100018159E+00    0.336257758173E-03     0.00282
   15    0.174584960938E-01    0.235691431826E-03    -0.01665
   16    0.962121582031E+00    0.504250563799E-03    -0.00305
   17    0.242675781250E-02    0.838036210990E-04     0.03153
   18    0.959694824219E+00    0.542827442761E-03     0.00632
   19    0.590913225710E-01    0.281434190477E-03    -0.00906
   20    0.839428343002E-02    0.702904243587E-04    -0.00659
   21    0.000000000000E+00    0.000000000000E+00     0.00000
   22    0.000000000000E+00    0.000000000000E+00     0.00000
   23    0.878740266214E-02    0.712973277966E-04    -0.00521
   24    0.473573925802E-03    0.552794808071E-05    -0.00738
   25    0.144897460937E-01    0.205887248326E-03    -0.02533
   26    0.131103515625E-02    0.605936768983E-04     0.03431
   27    0.969309082031E+00    0.432241988061E-03    -0.02154
   28   -0.966687011719E+00    0.483898015919E-03    -0.01381
   29    0.637545028031E+00    0.379432701949E-03     0.00142
   30    0.412830643582E+00    0.449766428632E-03     0.00204
   31    0.000000000000E+00    0.000000000000E+00     0.00000
   32    0.000000000000E+00    0.000000000000E+00     0.00000
   33    0.415246335409E+00    0.431160450351E-03    -0.00092
   34    0.959694824219E+00    0.542827442761E-03     0.00632
   35    0.188488769531E-01    0.249332413750E-03    -0.01632
   36    0.963420410156E+00    0.488411148706E-03    -0.00598
   37    0.261230468750E-03    0.255971503947E-04    -0.01085
   38   -0.830322265625E-02    0.191355409841E-03    -0.04499
   39    0.948073652365E+00    0.392600350275E-03    -0.00370
   40    0.854794202590E+00    0.813506561167E-03     0.00469
   41    0.984551329260E+00    0.114546873983E-03     0.00444
   42    0.000000000000E+00    0.000000000000E+00     0.00000
   43    0.951627847410E+00    0.335786354568E-03     0.00637
   44    0.415971706496E+00    0.997477640120E-03     0.05784
   45    0.000000000000E+00    0.000000000000E+00     0.00000
   46    0.163054681306E+00    0.927269493860E-03     0.00265
   47    0.984577257249E+00    0.114123522604E-03     0.00400
   48    0.000000000000E+00    0.000000000000E+00     0.00000
   49    0.179671198301E+00    0.311896514703E-03     0.00803
 
PerIsn     256     409       4      80    0.03200000    0.88137359    -605
    1    0.503592903763E+00    0.616258912659E-03     0.03408
    2    0.267225261121E+00    0.557466193324E-03     0.03643
    3    0.272942559785E+00    0.526195816910E-03     0.03690
    4    0.869519410829E-01    0.259906103745E-03     0.04099
    5    0.146706542969E+00    0.433641172163E-03    -0.01070
    6    0.452175292969E+00    0.181240487522E-02     0.02812
    7    0.226381835937E+00    0.153648451653E-02    -0.00292
    8   -0.588378906250E-03    0.473351546120E-02     0.01114
    9    0.613885079883E+00    0.358118908491E-03     0.03484
   10    0.382076638085E+00    0.411273829799E-03     0.03743
   11    0.000000000000E+00    0.000000000000E+00     0.00000
   12    0.000000000000E+00    0.000000000000E+00     0.00000
   13    0.382087690613E+00    0.411197640248E-03     0.03747
   14    0.152577771453E+00    0.286702285778E-03     0.04207
   15    0.166284179687E-01    0.226563923162E-03    -0.00239
   16    0.964208984375E+00    0.484001416160E-03     0.00347
   17    0.206787109375E-02    0.802870611459E-04     0.01870
   18    0.962141113281E+00    0.520920562525E-03     0.00454
   19    0.602155104652E-01    0.284792136818E-03     0.03441
   20    0.834140901732E-02    0.703770703671E-04     0.02780
   21    0.000000000000E+00    0.000000000000E+00     0.00000
   22    0.000000000000E+00    0.000000000000E+00     0.00000
   23    0.881395267625E-02    0.715218025023E-04     0.02811
   24    0.454546806269E-03    0.539003513502E-05     0.02549
   25    0.148706054687E-01    0.209341680668E-03     0.00183
   26    0.138183593750E-02    0.655032221218E-04     0.03407
   27    0.968479003906E+00    0.442683408013E-03     0.01273
   28   -0.965715332031E+00    0.505548195267E-03     0.01619
   29    0.613901126161E+00    0.357863179549E-03     0.03497
   30    0.382087012577E+00    0.411116561017E-03     0.03749
   31    0.000000000000E+00    0.000000000000E+00     0.00000
   32    0.000000000000E+00    0.000000000000E+00     0.00000
   33    0.384144509179E+00    0.392042258340E-03     0.04751
   34    0.962141113281E+00    0.520920562525E-03     0.00454
   35    0.175000000000E-01    0.235346684450E-03     0.00250
   36    0.965583496094E+00    0.464538562527E-03     0.00396
   37    0.100097656250E-03    0.153239569223E-04     0.00907
   38   -0.495605468750E-02    0.147361498453E-03    -0.03800
   39    0.949033828826E+00    0.396268571778E-03     0.03977
   40    0.856768003271E+00    0.835002825848E-03     0.03337
   41    0.986333247675E+00    0.104554115611E-03     0.03010
   42    0.000000000000E+00    0.000000000000E+00     0.00000
   43    0.956830093455E+00    0.310389155295E-03     0.03132
   44    0.434687676033E+00    0.100932755387E-02     0.09718
   45    0.000000000000E+00    0.000000000000E+00     0.00000
   46    0.170908167669E+00    0.946272313476E-03     0.05916
   47    0.986358029183E+00    0.104081333879E-03     0.03145
   48    0.000000000000E+00    0.000000000000E+00     0.00000
   49    0.153373556015E+00    0.264905430537E-03     0.07250
 
PerIsn     256     409       4      80    0.03400000    0.88137359    -606
    1    0.503517904021E+00    0.617407773813E-03     0.02789
    2    0.267280311684E+00    0.556273129653E-03     0.02200
    3    0.273018226862E+00    0.525273962256E-03     0.02165
    4    0.870634579582E-01    0.258652652102E-03     0.01440
    5    0.146795654297E+00    0.435217914968E-03    -0.06517
    6    0.452658691406E+00    0.174561079585E-02     0.00250
    7    0.226076660156E+00    0.149328353986E-02     0.03417
    8    0.505371093750E-03    0.457574475580E-02     0.02763
    9    0.633750095293E+00    0.363940572491E-03     0.03328
   10    0.407122002459E+00    0.431008824544E-03     0.03134
   11    0.000000000000E+00    0.000000000000E+00     0.00000
   12    0.000000000000E+00    0.000000000000E+00     0.00000
   13    0.407132283182E+00    0.430931008909E-03     0.03134
   14    0.173126162080E+00    0.319098402635E-03     0.02796
   15    0.159802246094E-01    0.219607545853E-03     0.02089
   16    0.965656738281E+00    0.468026071718E-03     0.02394
   17    0.188720703125E-02    0.735005495143E-04     0.01288
   18    0.963769531250E+00    0.499641043498E-03     0.02723
   19    0.636872147769E-01    0.300544522492E-03     0.03004
   20    0.926005993087E-02    0.775882506687E-04     0.02680
   21    0.000000000000E+00    0.000000000000E+00     0.00000
   22    0.000000000000E+00    0.000000000000E+00     0.00000
   23    0.978448953760E-02    0.788217075801E-04     0.02808
   24    0.549374171001E-03    0.639160473624E-05     0.03536
   25    0.153869628906E-01    0.215090473790E-03     0.02241
   26    0.168945312500E-02    0.657399328542E-04     0.03117
   27    0.967072753906E+00    0.455301363932E-03     0.02573
   28   -0.963693847656E+00    0.516085339512E-03     0.03156
   29    0.633765902221E+00    0.363738301142E-03     0.03326
   30    0.407132768220E+00    0.430874677862E-03     0.03132
   31    0.000000000000E+00    0.000000000000E+00     0.00000
   32    0.000000000000E+00    0.000000000000E+00     0.00000
   33    0.409009209490E+00    0.412860710291E-03     0.02407
   34    0.963769531250E+00    0.499641043498E-03     0.02723
   35    0.171520996094E-01    0.232379904496E-03     0.01885
   36    0.967336425781E+00    0.448552047542E-03     0.02171
   37    0.292968750000E-04    0.841168719936E-05    -0.01187
   38   -0.161376953125E-02    0.125272704155E-03     0.00692
   39    0.948555761824E+00    0.410928206345E-03     0.04068
   40    0.856145091718E+00    0.852964847321E-03     0.03126
   41    0.986532736768E+00    0.104510234031E-03     0.03468
   42    0.000000000000E+00    0.000000000000E+00     0.00000
   43    0.957432972683E+00    0.312925070429E-03     0.03212
   44    0.438016746794E+00    0.101292719339E-02     0.07337
   45    0.000000000000E+00    0.000000000000E+00     0.00000
   46    0.174264172880E+00    0.973308112934E-03     0.02994
   47    0.986555861308E+00    0.104206714883E-03     0.03518
   48    0.000000000000E+00    0.000000000000E+00     0.00000
   49    0.173577321157E+00    0.296475479243E-03     0.01168
 
PerIsn     256     409       4      80    0.03800000    0.88137359    -608
    1    0.503161043674E+00    0.626595372482E-03     0.02939
    2    0.267018815682E+00    0.561182460823E-03     0.02489
    3    0.272765192339E+00    0.529552176240E-03     0.02448
    4    0.869578999518E-01    0.259295333543E-03     0.02311
    5    0.146754150391E+00    0.437082686851E-03     0.01652
    6    0.452087402344E+00    0.176091432772E-02     0.01442
    7    0.226447753906E+00    0.152606670017E-02     0.01730
    8   -0.808105468750E-03    0.465090775482E-02     0.01414
    9    0.663716431372E+00    0.379375946054E-03     0.03574
   10    0.446313099198E+00    0.469498012350E-03     0.03303
   11    0.000000000000E+00    0.000000000000E+00     0.00000
   12    0.000000000000E+00    0.000000000000E+00     0.00000
   13    0.446322580600E+00    0.469415108220E-03     0.03303
   14    0.207745876887E+00    0.379404654423E-03     0.02868
   15    0.152258300781E-01    0.212272894081E-03     0.08334
   16    0.967487792969E+00    0.448527834506E-03     0.08491
   17    0.161865234375E-02    0.701894984211E-04    -0.03438
   18    0.965869140625E+00    0.477677955124E-03     0.08119
   19    0.690998792648E-01    0.329128864661E-03     0.03777
   20    0.106951594087E-01    0.913355278224E-04     0.05136
   21    0.000000000000E+00    0.000000000000E+00     0.00000
   22    0.000000000000E+00    0.000000000000E+00     0.00000
   23    0.113111838517E-01    0.927297194636E-04     0.05197
   24    0.712559675361E-03    0.858378629621E-05     0.06338
   25    0.164160156250E-01    0.224911325763E-03     0.07292
   26    0.209716796875E-02    0.804358375529E-04    -0.03299
   27    0.964553222656E+00    0.481311655566E-03     0.07730
   28   -0.960358886719E+00    0.564001911020E-03     0.06660
   29    0.663731501140E+00    0.379117786365E-03     0.03566
   30    0.446324091848E+00    0.469318715543E-03     0.03298
   31    0.000000000000E+00    0.000000000000E+00     0.00000
   32    0.000000000000E+00    0.000000000000E+00     0.00000
   33    0.447931751541E+00    0.453137267854E-03     0.02568
   34    0.965869140625E+00    0.477677955124E-03     0.08119
   35    0.172521972656E-01    0.233197100303E-03     0.08135
   36    0.969538574219E+00    0.425139401713E-03     0.07969
   37    0.244140625000E-05    0.244140625000E-05    -0.00098
   38    0.341308593750E-02    0.133192279976E-03    -0.02434
   39    0.948139310800E+00    0.424294866184E-03     0.05136
   40    0.855596216022E+00    0.872883180356E-03     0.03301
   41    0.987018983008E+00    0.102797170036E-03     0.06505
   42    0.000000000000E+00    0.000000000000E+00     0.00000
   43    0.958882308223E+00    0.308337466575E-03     0.06037
   44    0.446444333548E+00    0.100412883714E-02     0.07806
   45    0.000000000000E+00    0.000000000000E+00     0.00000
   46    0.179553916045E+00    0.980706730189E-03     0.03792
   47    0.987039493614E+00    0.102352932702E-03     0.06519
   48    0.000000000000E+00    0.000000000000E+00     0.00000
   49    0.207732958431E+00    0.356643965295E-03     0.00758
 
PerIsn     256     409       4      80    0.04000000    0.88137359    -609
    1    0.503336884566E+00    0.621615981188E-03     0.01203
    2    0.267140311396E+00    0.558220065530E-03     0.01962
    3    0.272911887954E+00    0.526351964158E-03     0.02005
    4    0.870339770852E-01    0.257784570992E-03     0.02695
    5    0.146402587891E+00    0.446013101044E-03     0.04944
    6    0.452707519531E+00    0.180426579455E-02     0.02629
    7    0.226865234375E+00    0.156788231777E-02     0.00706
    8   -0.102294921875E-02    0.477910847749E-02     0.01292
    9    0.675275117010E+00    0.379087299340E-03     0.00699
   10    0.461864404748E+00    0.478018019703E-03     0.01101
   11    0.000000000000E+00    0.000000000000E+00     0.00000
   12    0.000000000000E+00    0.000000000000E+00     0.00000
   13    0.461873519142E+00    0.477944045663E-03     0.01105
   14    0.222290795451E+00    0.400241071693E-03     0.01752
   15    0.147875976562E-01    0.207859429740E-03    -0.04951
   16    0.968630371094E+00    0.437557104065E-03    -0.05190
   17    0.135742187500E-02    0.626615671471E-04     0.02486
   18    0.967272949219E+00    0.462061747352E-03    -0.04910
   19    0.711554397270E-01    0.335428183490E-03    -0.00904
   20    0.112505297229E-01    0.945275109664E-04    -0.02493
   21    0.000000000000E+00    0.000000000000E+00     0.00000
   22    0.000000000000E+00    0.000000000000E+00     0.00000
   23    0.119097828992E-01    0.959451160127E-04    -0.02274
   24    0.781403141139E-03    0.915548629201E-05    -0.02839
   25    0.167944335937E-01    0.228750903633E-03    -0.03568
   26    0.205810546875E-02    0.791871994475E-04    -0.02650
   27    0.963837890625E+00    0.487949984618E-03    -0.04522
   28   -0.959721679688E+00    0.566237008360E-03    -0.05119
   29    0.675290342942E+00    0.378825310694E-03     0.00735
   30    0.461875706845E+00    0.477836022882E-03     0.01122
   31    0.000000000000E+00    0.000000000000E+00     0.00000
   32    0.000000000000E+00    0.000000000000E+00     0.00000
   33    0.463221826623E+00    0.463802586856E-03     0.01746
   34    0.967272949219E+00    0.462061747352E-03    -0.04910
   35    0.174755859375E-01    0.235440494431E-03    -0.04285
   36    0.970607910156E+00    0.414497299594E-03    -0.04562
   37    0.244140625000E-05    0.244140625000E-05    -0.00098
   38    0.549316406250E-02    0.144921540887E-03     0.00827
   39    0.948370607342E+00    0.411944487233E-03    -0.02615
   40    0.855768069906E+00    0.858119595711E-03    -0.01050
   41    0.987295143260E+00    0.989675394075E-04    -0.03281
   42    0.000000000000E+00    0.000000000000E+00     0.00000
   43    0.959676028204E+00    0.297877511270E-03    -0.03036
   44    0.450031840941E+00    0.986631881279E-03     0.05650
   45    0.000000000000E+00    0.000000000000E+00     0.00000
   46    0.181523366413E+00    0.981859683101E-03     0.01157
   47    0.987315506126E+00    0.984616271299E-04    -0.03162
   48    0.000000000000E+00    0.000000000000E+00     0.00000
   49    0.221834447902E+00    0.376191153842E-03     0.02972
 
PerIsn     256     409       4      80    0.03600000    0.88137359    -607
    1    0.502653447650E+00    0.601946154515E-03    -0.02696
    2    0.266488238082E+00    0.538718867122E-03    -0.01882
    3    0.272269281593E+00    0.507354475012E-03    -0.01798
    4    0.866730713470E-01    0.247673233386E-03    -0.00627
    5    0.146945800781E+00    0.449336549345E-03     0.02180
    6    0.450019531250E+00    0.174578349880E-02    -0.02094
    7    0.228427734375E+00    0.150063281913E-02    -0.06782
    8   -0.683593750000E-02    0.457443323716E-02    -0.05579
    9    0.649705642723E+00    0.361215628652E-03    -0.02346
   10    0.427789323929E+00    0.436878600768E-03    -0.01922
   11    0.000000000000E+00    0.000000000000E+00     0.00000
   12    0.000000000000E+00    0.000000000000E+00     0.00000
   13    0.427798915483E+00    0.436800529530E-03    -0.01921
   14    0.191027414445E+00    0.337511684396E-03    -0.01180
   15    0.156408691406E-01    0.214989789744E-03    -0.07012
   16    0.966484375000E+00    0.458656137019E-03    -0.07774
   17    0.176269531250E-02    0.731530366312E-04    -0.04811
   18    0.964721679687E+00    0.491595825270E-03    -0.08306
   19    0.669401628897E-01    0.311159897075E-03    -0.03177
   20    0.101052566005E-01    0.845043135522E-04    -0.04682
   21    0.000000000000E+00    0.000000000000E+00     0.00000
   22    0.000000000000E+00    0.000000000000E+00     0.00000
   23    0.106795916929E-01    0.857031053026E-04    -0.04591
   24    0.639851574106E-03    0.745907887744E-05    -0.05721
   25    0.160290527344E-01    0.220535081821E-03    -0.07309
   26    0.188964843750E-02    0.753241855274E-04    -0.03349
   27    0.965583496094E+00    0.470434829596E-03    -0.08164
   28   -0.961804199219E+00    0.547358519267E-03    -0.08862
   29    0.649721461795E+00    0.360946395880E-03    -0.02339
   30    0.427800414804E+00    0.436699028438E-03    -0.01917
   31    0.000000000000E+00    0.000000000000E+00     0.00000
   32    0.000000000000E+00    0.000000000000E+00     0.00000
   33    0.429552019242E+00    0.419110168702E-03    -0.00721
   34    0.964721679687E+00    0.491595825270E-03    -0.08306
   35    0.172119140625E-01    0.232726033028E-03    -0.07147
   36    0.968332519531E+00    0.434435647867E-03    -0.07001
   37    0.170898437500E-04    0.644038354380E-05     0.13695
   38    0.102783203125E-02    0.122323093105E-03     0.00332
   39    0.948111219667E+00    0.408006885487E-03    -0.04439
   40    0.855289428968E+00    0.838525419597E-03    -0.04003
   41    0.986741366774E+00    0.103033033247E-03    -0.05012
   42    0.000000000000E+00    0.000000000000E+00     0.00000
   43    0.958040041640E+00    0.307995519183E-03    -0.04808
   44    0.443431135381E+00    0.957895205382E-03     0.07117
   45    0.000000000000E+00    0.000000000000E+00     0.00000
   46    0.178250211991E+00    0.942772340569E-03     0.00457
   47    0.986763834978E+00    0.102596357875E-03    -0.05000
   48    0.000000000000E+00    0.000000000000E+00     0.00000
   49    0.191262351743E+00    0.313662263356E-03     0.01066
