 
PerIsn      16     102       0      12    0.24016431    0.37500000    -586
    1    0.462685012817E-01    0.489998736472E-04     0.03082
    2    0.236395403743E-02    0.574383586870E-05     0.01548
    3    0.125673916936E-01    0.882631764324E-05     0.07089
    4    0.465455348713E-03    0.653738659457E-06     0.07510
    5    0.000000000000E+00    0.000000000000E+00     0.00000
    6    0.000000000000E+00    0.000000000000E+00     0.00000
    7   -0.200000000000E+01    0.000000000000E+00     0.00000
    8    0.524358520508E+00    0.142325436599E-03     0.03007
    9    0.276877465844E+00    0.149390000187E-03     0.03124
   10    0.000000000000E+00    0.000000000000E+00     0.00000
   11    0.000000000000E+00    0.000000000000E+00     0.00000
   12    0.277237240076E+00    0.147175022415E-03     0.02915
   13    0.792117754135E-01    0.847367555684E-04     0.03591
   14    0.967285156250E-01    0.610640335002E-03    -0.11747
   15    0.764101562500E+00    0.133850210100E-02    -0.06403
   16    0.739179687500E+00    0.153983744720E-02    -0.01177
   17    0.398734779358E+00    0.231621443883E-03     0.04162
   18    0.164146974534E+00    0.161981578810E-03     0.04596
   19    0.000000000000E+00    0.000000000000E+00     0.00000
   20    0.000000000000E+00    0.000000000000E+00     0.00000
   21    0.166303561926E+00    0.152000949516E-03     0.04929
   22    0.306269696827E-01    0.437404657061E-04     0.05205
   23    0.190874023438E+00    0.828448593480E-03     0.05586
   24    0.292841796875E+00    0.141032471948E-02    -0.03012
   25    0.305136718750E+00    0.364064103910E-02    -0.03190
   26    0.525833244324E+00    0.131568748782E-03     0.01729
   27    0.278154852241E+00    0.141311927367E-03     0.02195
   28    0.000000000000E+00    0.000000000000E+00     0.00000
   29    0.000000000000E+00    0.000000000000E+00     0.00000
   30    0.398734779358E+00    0.231621443883E-03     0.04162
   31    0.164146974534E+00    0.161981578810E-03     0.04596
   32    0.254936523437E+00    0.899245373532E-03     0.04369
   33    0.858076171875E+00    0.112023689526E-02    -0.03187
   34    0.852314453125E+00    0.121382710564E-02    -0.02072
   35    0.905590454367E+00    0.566591632926E-03    -0.03962
   36    0.339322202263E+00    0.558116228685E-04     0.02129
   37    0.993045270733E+00    0.428255278785E-04     0.03171
   38    0.000000000000E+00    0.000000000000E+00     0.00000
   39    0.970316431916E+00    0.147689824414E-03     0.03368
   40    0.968579681235E+00    0.221367046663E-03     0.02792
   41    0.000000000000E+00    0.000000000000E+00     0.00000
   42    0.903023544143E+00    0.466676395891E-03     0.03223
 
PerIsn      16     102       0      12    0.24016431    0.40000000    -587
    1    0.463429260254E-01    0.535434563503E-04    -0.03230
    2    0.237523823977E-02    0.623028824065E-05    -0.04216
    3    0.125882914662E-01    0.936241588027E-05    -0.04828
    4    0.467017430528E-03    0.694806462554E-06    -0.05795
    5    0.000000000000E+00    0.000000000000E+00     0.00000
    6    0.000000000000E+00    0.000000000000E+00     0.00000
    7   -0.200000000000E+01    0.000000000000E+00     0.00000
    8    0.528943023682E+00    0.133778760447E-03     0.06142
    9    0.281499508321E+00    0.142660639643E-03     0.05713
   10    0.000000000000E+00    0.000000000000E+00     0.00000
   11    0.000000000000E+00    0.000000000000E+00     0.00000
   12    0.281741262227E+00    0.141454835618E-03     0.05536
   13    0.815172921759E-01    0.829913214153E-04     0.04891
   14    0.775585937500E-01    0.556106103813E-03    -0.05409
   15    0.816044921875E+00    0.120312673424E-02    -0.08900
   16    0.800781250000E+00    0.136578131312E-02    -0.11363
   17    0.408845329285E+00    0.218269661578E-03     0.00504
   18    0.171648684591E+00    0.158565724684E-03     0.01795
   19    0.000000000000E+00    0.000000000000E+00     0.00000
   20    0.000000000000E+00    0.000000000000E+00     0.00000
   21    0.173329391927E+00    0.149818544414E-03     0.01849
   22    0.327169005787E-01    0.455276071443E-04     0.02944
   23    0.188027343750E+00    0.756980210380E-03    -0.08951
   24    0.355703125000E+00    0.155464866327E-02    -0.04800
   25    0.486523437500E+00    0.374847679781E-02    -0.02800
   26    0.529932479858E+00    0.125926806778E-03     0.06290
   27    0.282380754352E+00    0.136287259547E-03     0.05875
   28    0.000000000000E+00    0.000000000000E+00     0.00000
   29    0.000000000000E+00    0.000000000000E+00     0.00000
   30    0.408845329285E+00    0.218269661578E-03     0.00504
   31    0.171648684591E+00    0.158565724684E-03     0.01795
   32    0.240410156250E+00    0.769546305680E-03    -0.09153
   33    0.905117187500E+00    0.910179559971E-03    -0.02449
   34    0.903027343750E+00    0.963452780073E-03    -0.03857
   35    0.904190054134E+00    0.572835466140E-03    -0.06749
   36    0.339312992793E+00    0.599624373445E-04    -0.09499
   37    0.993894177542E+00    0.319070830090E-04     0.03175
   38    0.000000000000E+00    0.000000000000E+00     0.00000
   39    0.973758287630E+00    0.121991849352E-03     0.03232
   40    0.973817560421E+00    0.196708803479E-03    -0.00039
   41    0.000000000000E+00    0.000000000000E+00     0.00000
   42    0.918273967711E+00    0.427143986843E-03     0.00338
 
PerIsn      16     102       0      12    0.24016431    0.45000000    -589
    1    0.463259887695E-01    0.510684431551E-04     0.01159
    2    0.237368434668E-02    0.589325626688E-05     0.00637
    3    0.125796559453E-01    0.922467295529E-05    -0.01999
    4    0.466536172007E-03    0.681795066350E-06    -0.03012
    5    0.000000000000E+00    0.000000000000E+00     0.00000
    6    0.000000000000E+00    0.000000000000E+00     0.00000
    7   -0.200000000000E+01    0.000000000000E+00     0.00000
    8    0.535055160522E+00    0.123518705243E-03    -0.04433
    9    0.287778119445E+00    0.134844024975E-03    -0.05062
   10    0.000000000000E+00    0.000000000000E+00     0.00000
   11    0.000000000000E+00    0.000000000000E+00     0.00000
   12    0.287904799879E+00    0.134226126211E-03    -0.05157
   13    0.847711803175E-01    0.820606192020E-04    -0.05888
   14    0.497460937500E-01    0.487650950820E-03    -0.00378
   15    0.887480468750E+00    0.101812067241E-02    -0.02482
   16    0.881962890625E+00    0.108825814927E-02    -0.02744
   17    0.422857360840E+00    0.191964870928E-03     0.01431
   18    0.182228132486E+00    0.145649541217E-03     0.01299
   19    0.000000000000E+00    0.000000000000E+00     0.00000
   20    0.000000000000E+00    0.000000000000E+00     0.00000
   21    0.183247524351E+00    0.140064647188E-03     0.00947
   22    0.357436611099E-01    0.451918746211E-04     0.00644
   23    0.168994140625E+00    0.771234684491E-03    -0.04519
   24    0.478388671875E+00    0.163919601510E-02    -0.00983
   25    0.811474609375E+00    0.386465089013E-02     0.00619
   26    0.535559844971E+00    0.119761683294E-03    -0.06773
   27    0.288239531517E+00    0.131739173526E-03    -0.06891
   28    0.000000000000E+00    0.000000000000E+00     0.00000
   29    0.000000000000E+00    0.000000000000E+00     0.00000
   30    0.422857360840E+00    0.191964870928E-03     0.01431
   31    0.182228132486E+00    0.145649541217E-03     0.01299
   32    0.204814453125E+00    0.800090515742E-03    -0.02109
   33    0.957089843750E+00    0.649630459986E-03    -0.05320
   34    0.956835937500E+00    0.652595941085E-03    -0.05400
   35    0.904120734705E+00    0.528359778153E-03     0.03863
   36    0.339197158114E+00    0.610189238153E-04     0.05139
   37    0.994808171497E+00    0.276173378198E-04     0.01013
   38    0.000000000000E+00    0.000000000000E+00     0.00000
   39    0.977798981714E+00    0.111699734816E-03     0.03011
   40    0.981233496589E+00    0.154282225608E-03     0.03438
   41    0.000000000000E+00    0.000000000000E+00     0.00000
   42    0.939457630754E+00    0.345412537071E-03     0.05432
 
PerIsn      16     102       0      12    0.24016431    0.42500000    -588
    1    0.463547897339E-01    0.520034949372E-04    -0.07304
    2    0.237575933337E-02    0.602255615374E-05    -0.08463
    3    0.125879597664E-01    0.911260063635E-05    -0.02515
    4    0.467052422846E-03    0.672628169818E-06    -0.01808
    5    0.000000000000E+00    0.000000000000E+00     0.00000
    6    0.000000000000E+00    0.000000000000E+00     0.00000
    7   -0.200000000000E+01    0.000000000000E+00     0.00000
    8    0.532472076416E+00    0.128970906673E-03     0.03295
    9    0.285119789243E+00    0.139424437398E-03     0.03361
   10    0.000000000000E+00    0.000000000000E+00     0.00000
   11    0.000000000000E+00    0.000000000000E+00     0.00000
   12    0.285294188261E+00    0.138511492125E-03     0.03367
   13    0.833933316148E-01    0.832079579378E-04     0.03557
   14    0.614453125000E-01    0.487115628042E-03     0.00473
   15    0.857822265625E+00    0.104360579367E-02     0.01440
   16    0.848701171875E+00    0.113115515453E-02     0.03019
   17    0.416673889160E+00    0.206755952381E-03    -0.00699
   18    0.177554914057E+00    0.152559174194E-03    -0.01804
   19    0.000000000000E+00    0.000000000000E+00     0.00000
   20    0.000000000000E+00    0.000000000000E+00     0.00000
   21    0.178859721422E+00    0.145080496952E-03    -0.01709
   22    0.343994333530E-01    0.450673019475E-04    -0.02133
   23    0.178759765625E+00    0.751449622312E-03     0.04561
   24    0.420126953125E+00    0.165159021234E-02     0.00554
   25    0.659433593750E+00    0.398594018660E-02    -0.01077
   26    0.533184738159E+00    0.124196061908E-03     0.02875
   27    0.285764028430E+00    0.135563874893E-03     0.03002
   28    0.000000000000E+00    0.000000000000E+00     0.00000
   29    0.000000000000E+00    0.000000000000E+00     0.00000
   30    0.416673889160E+00    0.206755952381E-03    -0.00699
   31    0.177554914057E+00    0.152559174194E-03    -0.01804
   32    0.221284179687E+00    0.774029504713E-03     0.07599
   33    0.937294921875E+00    0.752697333824E-03    -0.04380
   34    0.936650390625E+00    0.771261786596E-03    -0.03661
   35    0.904454631027E+00    0.541355981493E-03    -0.03676
   36    0.339269690787E+00    0.597636705793E-04    -0.08870
   37    0.994411902856E+00    0.299527671843E-04     0.03636
   38    0.000000000000E+00    0.000000000000E+00     0.00000
   39    0.976010578777E+00    0.119491891943E-03     0.05204
   40    0.977822161835E+00    0.177915220741E-03     0.03627
   41    0.000000000000E+00    0.000000000000E+00     0.00000
   42    0.929980433659E+00    0.388984841121E-03    -0.00714
 
PerIsn      32     102       0      12    0.24016431    0.37500000    -591
    1    0.156037712097E-01    0.133568662593E-04     0.04525
    2    0.259856376797E-03    0.493775348573E-06     0.04707
    3    0.314156578854E-02    0.116580831972E-05     0.01872
    4    0.294803958134E-04    0.218220918502E-07     0.02149
    5    0.000000000000E+00    0.000000000000E+00     0.00000
    6    0.000000000000E+00    0.000000000000E+00     0.00000
    7   -0.200000000000E+01    0.000000000000E+00     0.00000
    8    0.491819105148E+00    0.924026103231E-04     0.00187
    9    0.242774282182E+00    0.879880637182E-04    -0.00013
   10    0.000000000000E+00    0.000000000000E+00     0.00000
   11    0.000000000000E+00    0.000000000000E+00     0.00000
   12    0.243114789408E+00    0.853417728776E-04     0.00017
   13    0.601203010665E-01    0.400733257334E-04    -0.00058
   14    0.718798828125E-01    0.562083188394E-03    -0.04099
   15    0.827949218750E+00    0.118710513263E-02     0.02929
   16    0.813134765625E+00    0.133070799844E-02     0.04394
   17    0.419146976471E+00    0.167827940729E-03    -0.04589
   18    0.178464558702E+00    0.123389109984E-03    -0.04889
   19    0.000000000000E+00    0.000000000000E+00     0.00000
   20    0.000000000000E+00    0.000000000000E+00     0.00000
   21    0.179962589107E+00    0.113822101483E-03    -0.05250
   22    0.343070053267E-01    0.341194795299E-04    -0.05014
   23    0.166157226562E+00    0.749974756133E-03    -0.02755
   24    0.485283203125E+00    0.161469089871E-02    -0.03510
   25    0.827421875000E+00    0.385161616496E-02    -0.02714
   26    0.494064140320E+00    0.763990124247E-04    -0.00618
   27    0.244719253369E+00    0.759290898660E-04    -0.00599
   28    0.000000000000E+00    0.000000000000E+00     0.00000
   29    0.000000000000E+00    0.000000000000E+00     0.00000
   30    0.419146976471E+00    0.167827940729E-03    -0.04589
   31    0.178464558702E+00    0.123389109984E-03    -0.04889
   32    0.221713867187E+00    0.818847821774E-03    -0.01001
   33    0.930224609375E+00    0.783598890468E-03     0.01156
   34    0.928857421875E+00    0.820897332637E-03     0.00831
   35    0.936970179321E+00    0.361033870275E-03     0.01360
   36    0.334779616467E+00    0.146106086484E-04    -0.01980
   37    0.996341251698E+00    0.335305366849E-04     0.02589
   38    0.000000000000E+00    0.000000000000E+00     0.00000
   39    0.983108863067E+00    0.114118702477E-03     0.00631
   40    0.984420599600E+00    0.142914876830E-03    -0.04947
   41    0.000000000000E+00    0.000000000000E+00     0.00000
   42    0.944021000081E+00    0.338880881965E-03    -0.07923
 
PerIsn      32     102       0      12    0.24016431    0.35000000    -590
    1    0.156055355072E-01    0.133305421994E-04    -0.08576
    2    0.259825615212E-03    0.491604730428E-06    -0.07310
    3    0.314243629575E-02    0.116272065145E-05     0.05452
    4    0.294941743442E-04    0.218824647438E-07     0.05671
    5    0.000000000000E+00    0.000000000000E+00     0.00000
    6    0.000000000000E+00    0.000000000000E+00     0.00000
    7   -0.200000000000E+01    0.000000000000E+00     0.00000
    8    0.482026872635E+00    0.111495217833E-03     0.01331
    9    0.233590029357E+00    0.102458613363E-03     0.02323
   10    0.000000000000E+00    0.000000000000E+00     0.00000
   11    0.000000000000E+00    0.000000000000E+00     0.00000
   12    0.234174432522E+00    0.985230145747E-04     0.03046
   13    0.561761519834E-01    0.433408905362E-04     0.04463
   14    0.102373046875E+00    0.637800809797E-03     0.00606
   15    0.736757812500E+00    0.134977864857E-02     0.05131
   16    0.701054687500E+00    0.164342825434E-02     0.04669
   17    0.400019922256E+00    0.190428464769E-03    -0.04325
   18    0.163965164451E+00    0.133690793142E-03    -0.04945
   19    0.000000000000E+00    0.000000000000E+00     0.00000
   20    0.000000000000E+00    0.000000000000E+00     0.00000
   21    0.166330429548E+00    0.121674867178E-03    -0.04871
   22    0.301543973072E-01    0.337619114320E-04    -0.05779
   23    0.182919921875E+00    0.784020812483E-03    -0.05295
   24    0.358232421875E+00    0.160708805363E-02    -0.11376
   25    0.484599609375E+00    0.394628719658E-02    -0.08441
   26    0.485465984344E+00    0.879860876840E-04     0.05005
   27    0.236447749585E+00    0.851364002985E-04     0.05053
   28    0.000000000000E+00    0.000000000000E+00     0.00000
   29    0.000000000000E+00    0.000000000000E+00     0.00000
   30    0.400019922256E+00    0.190428464769E-03    -0.04325
   31    0.163965164451E+00    0.133690793142E-03    -0.04945
   32    0.258593750000E+00    0.865917267434E-03    -0.04170
   33    0.854169921875E+00    0.108495153601E-02     0.02000
   34    0.846396484375E+00    0.122002106067E-02    -0.01744
   35    0.937293031203E+00    0.337934956666E-03    -0.01362
   36    0.334808689933E+00    0.149768218108E-04     0.06149
   37    0.994691025904E+00    0.472423212473E-04    -0.01344
   38    0.000000000000E+00    0.000000000000E+00     0.00000
   39    0.976173392280E+00    0.147919460328E-03    -0.00615
   40    0.975914236039E+00    0.181354486537E-03     0.00447
   41    0.000000000000E+00    0.000000000000E+00     0.00000
   42    0.917471886835E+00    0.408395247454E-03    -0.00532
 
PerIsn      32     102       0      12    0.24016431    0.42500000    -593
    1    0.156102466583E-01    0.129661032211E-04     0.02207
    2    0.259901704267E-03    0.480540164719E-06     0.02099
    3    0.314229665324E-02    0.120930677682E-05    -0.02455
    4    0.294920931983E-04    0.226849848940E-07    -0.02450
    5    0.000000000000E+00    0.000000000000E+00     0.00000
    6    0.000000000000E+00    0.000000000000E+00     0.00000
    7   -0.200000000000E+01    0.000000000000E+00     0.00000
    8    0.503644933701E+00    0.748287355871E-04     0.03438
    9    0.254217314990E+00    0.754267469189E-04     0.02965
   10    0.000000000000E+00    0.000000000000E+00     0.00000
   11    0.000000000000E+00    0.000000000000E+00     0.00000
   12    0.254354049731E+00    0.746799891680E-04     0.02839
   13    0.653631016327E-01    0.383339069189E-04     0.01726
   14    0.317968750000E-01    0.356676726909E-03    -0.00027
   15    0.928535156250E+00    0.744587057095E-03     0.00596
   16    0.925556640625E+00    0.788260758359E-03    -0.01082
   17    0.442239656448E+00    0.127679909622E-03     0.02099
   18    0.197012868924E+00    0.102875469430E-03     0.02641
   19    0.000000000000E+00    0.000000000000E+00     0.00000
   20    0.000000000000E+00    0.000000000000E+00     0.00000
   21    0.197640811009E+00    0.981645356095E-04     0.02591
   22    0.402098722664E-01    0.339984571511E-04     0.03280
   23    0.113750000000E+00    0.665107152157E-03     0.03374
   24    0.693320312500E+00    0.145200747139E-02     0.02496
   25    0.133388671875E+01    0.325914704585E-02     0.03371
   26    0.504629316330E+00    0.690213155704E-04     0.03431
   27    0.255117227966E+00    0.705491765745E-04     0.02897
   28    0.000000000000E+00    0.000000000000E+00     0.00000
   29    0.000000000000E+00    0.000000000000E+00     0.00000
   30    0.442239656448E+00    0.127679909622E-03     0.02099
   31    0.197012868924E+00    0.102875469430E-03     0.02641
   32    0.140620117187E+00    0.721999437012E-03    -0.01226
   33    0.984375000000E+00    0.387323992601E-03    -0.00192
   34    0.984277343750E+00    0.393358790858E-03    -0.00229
   35    0.937584466486E+00    0.341295224704E-03    -0.01332
   36    0.334802558454E+00    0.144721398924E-04     0.06612
   37    0.997800717280E+00    0.145446027149E-04    -0.02893
   38    0.000000000000E+00    0.000000000000E+00     0.00000
   39    0.989793645016E+00    0.577867101607E-04     0.00630
   40    0.992706287684E+00    0.813439740735E-04     0.01356
   41    0.000000000000E+00    0.000000000000E+00     0.00000
   42    0.971450242806E+00    0.205049930554E-03     0.01609
 
PerIsn      32     102       0      12    0.24016431    0.40000000    -592
    1    0.156357288361E-01    0.130016530612E-04    -0.05712
    2    0.260744290426E-03    0.476178809453E-06    -0.05191
    3    0.314443122596E-02    0.114443828997E-05     0.00985
    4    0.295325025144E-04    0.215798256434E-07     0.01633
    5    0.000000000000E+00    0.000000000000E+00     0.00000
    6    0.000000000000E+00    0.000000000000E+00     0.00000
    7   -0.200000000000E+01    0.000000000000E+00     0.00000
    8    0.499049263000E+00    0.798477109290E-04    -0.01614
    9    0.249715654906E+00    0.792601908870E-04    -0.01619
   10    0.000000000000E+00    0.000000000000E+00     0.00000
   11    0.000000000000E+00    0.000000000000E+00     0.00000
   12    0.249913790850E+00    0.782557372605E-04    -0.01726
   13    0.632446692850E-01    0.391964681867E-04    -0.01284
   14    0.478417968750E-01    0.464820390862E-03     0.05846
   15    0.889228515625E+00    0.100331646358E-02     0.04562
   16    0.882753906250E+00    0.108784485759E-02     0.02830
   17    0.432193078995E+00    0.146638024662E-03     0.03553
   18    0.188774621328E+00    0.114077820432E-03     0.03729
   19    0.000000000000E+00    0.000000000000E+00     0.00000
   20    0.000000000000E+00    0.000000000000E+00     0.00000
   21    0.189740156671E+00    0.107961100107E-03     0.03761
   22    0.374876574924E-01    0.353225812789E-04     0.04075
   23    0.141113281250E+00    0.732004503349E-03    -0.01335
   24    0.595947265625E+00    0.160535122350E-02     0.06480
   25    0.110343750000E+01    0.366520862719E-02     0.07699
   26    0.500402765274E+00    0.707509349791E-04    -0.02385
   27    0.250929323984E+00    0.717294481414E-04    -0.02025
   28    0.000000000000E+00    0.000000000000E+00     0.00000
   29    0.000000000000E+00    0.000000000000E+00     0.00000
   30    0.432193078995E+00    0.146638024662E-03     0.03553
   31    0.188774621328E+00    0.114077820432E-03     0.03729
   32    0.179936523437E+00    0.810642509763E-03     0.01108
   33    0.967587890625E+00    0.578954685501E-03    -0.04231
   34    0.967333984375E+00    0.586627471849E-03    -0.05131
   35    0.937608320531E+00    0.342524911238E-03     0.01240
   36    0.334798845101E+00    0.145112849114E-04     0.08929
   37    0.997335016882E+00    0.195868832825E-04     0.07321
   38    0.000000000000E+00    0.000000000000E+00     0.00000
   39    0.987544145034E+00    0.703349484929E-04     0.03363
   40    0.989491363916E+00    0.102111404963E-03     0.03190
   41    0.000000000000E+00    0.000000000000E+00     0.00000
   42    0.960351471971E+00    0.253473455214E-03     0.01630
 
PerIsn      32     102       0      12    0.24016431    0.45000000    -594
    1    0.156203079224E-01    0.145826436636E-04    -0.04055
    2    0.260418392718E-03    0.543733597136E-06    -0.03885
    3    0.314249020070E-02    0.130514819204E-05     0.04038
    4    0.294929669049E-04    0.244665743929E-07     0.04007
    5    0.000000000000E+00    0.000000000000E+00     0.00000
    6    0.000000000000E+00    0.000000000000E+00     0.00000
    7   -0.200000000000E+01    0.000000000000E+00     0.00000
    8    0.507295713425E+00    0.649042417516E-04    -0.06350
    9    0.257831684677E+00    0.663330269116E-04    -0.06405
   10    0.000000000000E+00    0.000000000000E+00     0.00000
   11    0.000000000000E+00    0.000000000000E+00     0.00000
   12    0.257924362188E+00    0.660066485284E-04    -0.06430
   13    0.671018989023E-01    0.347192382021E-04    -0.06604
   14    0.215039062500E-01    0.317832993872E-03     0.00813
   15    0.952529296875E+00    0.654278619641E-03     0.02739
   16    0.951054687500E+00    0.680286129693E-03     0.02493
   17    0.449084959030E+00    0.105792009740E-03    -0.01458
   18    0.202784740264E+00    0.870066771425E-04    -0.02779
   19    0.000000000000E+00    0.000000000000E+00     0.00000
   20    0.000000000000E+00    0.000000000000E+00     0.00000
   21    0.203211187068E+00    0.835139785523E-04    -0.03642
   22    0.422263483055E-01    0.299355270646E-04    -0.05462
   23    0.906250000000E-01    0.616029992722E-03     0.03221
   24    0.767236328125E+00    0.130858084301E-02     0.03152
   25    0.150226562500E+01    0.282258728330E-02     0.02876
   26    0.508007421494E+00    0.615348174090E-04    -0.06409
   27    0.258494150909E+00    0.633747160910E-04    -0.06442
   28    0.000000000000E+00    0.000000000000E+00     0.00000
   29    0.000000000000E+00    0.000000000000E+00     0.00000
   30    0.449084959030E+00    0.105792009740E-03    -0.01458
   31    0.202784740264E+00    0.870066771425E-04    -0.02779
   32    0.109697265625E+00    0.679752468165E-03    -0.02363
   33    0.992929687500E+00    0.260140687709E-03     0.04559
   34    0.992929687500E+00    0.260140687709E-03     0.04559
   35    0.936930825212E+00    0.378543748259E-03     0.04574
   36    0.334833884069E+00    0.144352309009E-04    -0.05918
   37    0.998127678456E+00    0.103841859670E-04    -0.04352
   38    0.000000000000E+00    0.000000000000E+00     0.00000
   39    0.991402295589E+00    0.434973156078E-04    -0.04156
   40    0.994538840373E+00    0.623253550836E-04     0.09359
   41    0.000000000000E+00    0.000000000000E+00     0.00000
   42    0.977938851141E+00    0.165396912568E-03     0.07254
 
PerIsn      48     102       0      12    0.24016431    0.37500000    -596
    1    0.806204054091E-02    0.567752222353E-05     0.02097
    2    0.684320963459E-04    0.107269262023E-06     0.02618
    3    0.139681904036E-02    0.344268600934E-06    -0.04072
    4    0.584187344830E-05    0.288057252271E-08    -0.04157
    5    0.000000000000E+00    0.000000000000E+00     0.00000
    6    0.000000000000E+00    0.000000000000E+00     0.00000
    7   -0.200000000000E+01    0.000000000000E+00     0.00000
    8    0.479994841682E+00    0.757937724930E-04     0.00981
    9    0.230939921930E+00    0.707338355868E-04     0.00770
   10    0.000000000000E+00    0.000000000000E+00     0.00000
   11    0.000000000000E+00    0.000000000000E+00     0.00000
   12    0.231190973765E+00    0.689532456484E-04     0.00536
   13    0.540819156157E-01    0.303813626442E-04     0.00008
   14    0.494726562500E-01    0.459620892942E-03    -0.02591
   15    0.884482421875E+00    0.996085787130E-03    -0.02658
   16    0.876328125000E+00    0.111402163160E-02    -0.03307
   17    0.428515239292E+00    0.133401659871E-03    -0.00274
   18    0.185276502906E+00    0.102563046958E-03     0.00499
   19    0.000000000000E+00    0.000000000000E+00     0.00000
   20    0.000000000000E+00    0.000000000000E+00     0.00000
   21    0.186218861722E+00    0.953903088040E-04     0.01169
   22    0.359538594013E-01    0.300304152284E-04     0.02290
   23    0.128657226562E+00    0.720571941159E-03    -0.02466
   24    0.635566406250E+00    0.159270672343E-02    -0.04118
   25    0.119507812500E+01    0.359975906565E-02    -0.04762
   26    0.482174852159E+00    0.616445324337E-04     0.00532
   27    0.232845145710E+00    0.594596198696E-04     0.00414
   28    0.000000000000E+00    0.000000000000E+00     0.00000
   29    0.000000000000E+00    0.000000000000E+00     0.00000
   30    0.428515239292E+00    0.133401659871E-03    -0.00274
   31    0.185276502906E+00    0.102563046958E-03     0.00499
   32    0.170532226563E+00    0.781552579032E-03    -0.02411
   33    0.967851562500E+00    0.574117362741E-03     0.04386
   34    0.967539062500E+00    0.583895455017E-03     0.03817
   35    0.949795507574E+00    0.318172773188E-03    -0.00134
   36    0.333985912017E+00    0.660684848827E-05    -0.03695
   37    0.997640624954E+00    0.233773241274E-04     0.04487
   38    0.000000000000E+00    0.000000000000E+00     0.00000
   39    0.988302018187E+00    0.811447728823E-04     0.06016
   40    0.991087954624E+00    0.943180002240E-04    -0.00081
   41    0.000000000000E+00    0.000000000000E+00     0.00000
   42    0.964499084066E+00    0.244482848274E-03    -0.03412
 
PerIsn      48     102       0      12    0.24016431    0.45000000    -599
    1    0.806258307563E-02    0.611359493542E-05    -0.01874
    2    0.684681608353E-04    0.113366014969E-06    -0.00816
    3    0.139648226676E-02    0.353462522383E-06    -0.05266
    4    0.583942895625E-05    0.295331476409E-08    -0.05140
    5    0.000000000000E+00    0.000000000000E+00     0.00000
    6    0.000000000000E+00    0.000000000000E+00     0.00000
    7   -0.200000000000E+01    0.000000000000E+00     0.00000
    8    0.497756508721E+00    0.474059869270E-04     0.01139
    9    0.248013959269E+00    0.473161127557E-04     0.01364
   10    0.000000000000E+00    0.000000000000E+00     0.00000
   11    0.000000000000E+00    0.000000000000E+00     0.00000
   12    0.248076011868E+00    0.470945358449E-04     0.01561
   13    0.618440277278E-01    0.234974968120E-04     0.01922
   14    0.844238281250E-02    0.201416544067E-03     0.01552
   15    0.982109375000E+00    0.415286810823E-03     0.00829
   16    0.981875000000E+00    0.423164636621E-03     0.00746
   17    0.458611445957E+00    0.665027040611E-04     0.07682
   18    0.210807264795E+00    0.578621951439E-04     0.07621
   19    0.000000000000E+00    0.000000000000E+00     0.00000
   20    0.000000000000E+00    0.000000000000E+00     0.00000
   21    0.210998833993E+00    0.564147517263E-04     0.07555
   22    0.449942773595E-01    0.217422977432E-04     0.06635
   23    0.409472656250E-01    0.439189741549E-03     0.02089
   24    0.903994140625E+00    0.949766824348E-03    -0.00582
   25    0.180125000000E+01    0.198818519801E-02    -0.00473
   26    0.498408457438E+00    0.442698013418E-04     0.01363
   27    0.248625349892E+00    0.445179040956E-04     0.01456
   28    0.000000000000E+00    0.000000000000E+00     0.00000
   29    0.000000000000E+00    0.000000000000E+00     0.00000
   30    0.458611445957E+00    0.665027040611E-04     0.07682
   31    0.210807264795E+00    0.578621951439E-04     0.07621
   32    0.489550781250E-01    0.477448910752E-03    -0.01059
   33    0.998876953125E+00    0.100246761020E-03    -0.03690
   34    0.998876953125E+00    0.100246761020E-03    -0.03690
   35    0.949422988121E+00    0.288096629386E-03     0.06183
   36    0.333964628390E+00    0.702163963690E-05     0.06811
   37    0.998982245613E+00    0.674306067895E-05    -0.02703
   38    0.000000000000E+00    0.000000000000E+00     0.00000
   39    0.995111572213E+00    0.280394456518E-04    -0.02979
   40    0.997709725835E+00    0.255280748039E-04     0.02366
   41    0.000000000000E+00    0.000000000000E+00     0.00000
   42    0.989470451776E+00    0.810848735250E-04     0.05681
 
PerIsn      16     102       0      12    0.24016431    0.35000000    -585
    1    0.462993240356E-01    0.542528841740E-04    -0.02900
    2    0.237291708589E-02    0.636358500143E-05    -0.01838
    3    0.125791817904E-01    0.950315242194E-05    -0.04736
    4    0.466376244403E-03    0.700284857088E-06    -0.05885
    5    0.000000000000E+00    0.000000000000E+00     0.00000
    6    0.000000000000E+00    0.000000000000E+00     0.00000
    7   -0.200000000000E+01    0.000000000000E+00     0.00000
    8    0.518462829590E+00    0.145880996793E-03    -0.03046
    9    0.271075178087E+00    0.149876106301E-03    -0.02094
   10    0.000000000000E+00    0.000000000000E+00     0.00000
   11    0.000000000000E+00    0.000000000000E+00     0.00000
   12    0.271608434170E+00    0.146844007262E-03    -0.01795
   13    0.764751813871E-01    0.818533992285E-04     0.00208
   14    0.119248046875E+00    0.654602576579E-03     0.06017
   15    0.695761718750E+00    0.141629165048E-02     0.08626
   16    0.653183593750E+00    0.171253796697E-02     0.10547
   17    0.384537734985E+00    0.243060414006E-03     0.05874
   18    0.154082693160E+00    0.167471799975E-03     0.05231
   19    0.000000000000E+00    0.000000000000E+00     0.00000
   20    0.000000000000E+00    0.000000000000E+00     0.00000
   21    0.156971381903E+00    0.156235179549E-03     0.05087
   22    0.280204630822E-01    0.439470299208E-04     0.03715
   23    0.189121093750E+00    0.714803981696E-03    -0.01589
   24    0.220429687500E+00    0.132229690482E-02     0.04259
   25    0.817089843750E-01    0.361029922346E-02     0.06943
   26    0.520547561646E+00    0.131777925231E-03     0.00064
   27    0.272834842801E+00    0.139492848254E-03     0.00360
   28    0.000000000000E+00    0.000000000000E+00     0.00000
   29    0.000000000000E+00    0.000000000000E+00     0.00000
   30    0.384537734985E+00    0.243060414006E-03     0.05874
   31    0.154082693160E+00    0.167471799975E-03     0.05231
   32    0.268457031250E+00    0.827071269766E-03     0.03393
   33    0.788251953125E+00    0.126543868831E-02     0.07065
   34    0.773232421875E+00    0.149016177719E-02     0.10212
   35    0.903372232813E+00    0.573624234436E-03    -0.01537
   36    0.339287895586E+00    0.562567495619E-04     0.05922
   37    0.991620507505E+00    0.497277570789E-04     0.01006
   38    0.000000000000E+00    0.000000000000E+00     0.00000
   39    0.964641602340E+00    0.164502537274E-03    -0.02243
   40    0.959674747342E+00    0.253177096478E-03     0.01192
   41    0.000000000000E+00    0.000000000000E+00     0.00000
   42    0.879357870146E+00    0.511312246623E-03     0.03350
 
PerIsn      48     102       0      12    0.24016431    0.42500000    -598
    1    0.806874593099E-02    0.648643820082E-05    -0.05004
    2    0.685640507274E-04    0.121551149202E-06    -0.03164
    3    0.139639002673E-02    0.348952073898E-06    -0.06603
    4    0.583822560354E-05    0.290919462587E-08    -0.06499
    5    0.000000000000E+00    0.000000000000E+00     0.00000
    6    0.000000000000E+00    0.000000000000E+00     0.00000
    7   -0.200000000000E+01    0.000000000000E+00     0.00000
    8    0.493613607619E+00    0.537849521976E-04     0.02765
    9    0.243955267511E+00    0.529536730185E-04     0.02445
   10    0.000000000000E+00    0.000000000000E+00     0.00000
   11    0.000000000000E+00    0.000000000000E+00     0.00000
   12    0.244046510423E+00    0.525286204079E-04     0.02229
   13    0.599208505839E-01    0.255148658408E-04     0.01796
   14    0.152978515625E-01    0.276385743948E-03    -0.03726
   15    0.966718750000E+00    0.585164913844E-03    -0.05738
   16    0.965888671875E+00    0.604863528661E-03    -0.04550
   17    0.452064276801E+00    0.814263060285E-04    -0.04878
   18    0.205018483996E+00    0.695182010503E-04    -0.04214
   19    0.000000000000E+00    0.000000000000E+00     0.00000
   20    0.000000000000E+00    0.000000000000E+00     0.00000
   21    0.205319175739E+00    0.673275891682E-04    -0.03580
   22    0.427774542114E-01    0.250875822416E-04    -0.02117
   23    0.615722656250E-01    0.525580306420E-03    -0.05642
   24    0.851054687500E+00    0.112057878512E-02    -0.05774
   25    0.168754882812E+01    0.235810694003E-02    -0.05781
   26    0.494556939867E+00    0.485579081337E-04     0.00511
   27    0.244826341737E+00    0.483835114681E-04     0.00547
   28    0.000000000000E+00    0.000000000000E+00     0.00000
   29    0.000000000000E+00    0.000000000000E+00     0.00000
   30    0.452064276801E+00    0.814263060285E-04    -0.04878
   31    0.205018483996E+00    0.695182010503E-04    -0.04214
   32    0.758398437500E-01    0.566248069467E-03    -0.02646
   33    0.996699218750E+00    0.176729983489E-03    -0.00278
   34    0.996699218750E+00    0.176729983489E-03    -0.00278
   35    0.949545136382E+00    0.305729088502E-03     0.07047
   36    0.333989338401E+00    0.668992763106E-05     0.03083
   37    0.998766684203E+00    0.903111482326E-05     0.07114
   38    0.000000000000E+00    0.000000000000E+00     0.00000
   39    0.993956171672E+00    0.347915175161E-04     0.03121
   40    0.996798466051E+00    0.366950863460E-04    -0.05615
   41    0.000000000000E+00    0.000000000000E+00     0.00000
   42    0.985471545773E+00    0.113178066687E-03    -0.08526
 
PerIsn      48     102       0      12    0.24016431    0.40000000    -597
    1    0.808837042914E-02    0.613225646171E-05     0.03334
    2    0.689136761206E-04    0.114109943323E-06     0.02223
    3    0.139791745463E-02    0.348454788911E-06     0.00570
    4    0.585102477130E-05    0.292604888082E-08     0.00220
    5    0.000000000000E+00    0.000000000000E+00     0.00000
    6    0.000000000000E+00    0.000000000000E+00     0.00000
    7   -0.200000000000E+01    0.000000000000E+00     0.00000
    8    0.488077867296E+00    0.586837910702E-04     0.05539
    9    0.238601748962E+00    0.568819262959E-04     0.05775
   10    0.000000000000E+00    0.000000000000E+00     0.00000
   11    0.000000000000E+00    0.000000000000E+00     0.00000
   12    0.238742331244E+00    0.561952766081E-04     0.05967
   13    0.574573269773E-01    0.265072959028E-04     0.06349
   14    0.275000000000E-01    0.358763598650E-03    -0.04195
   15    0.938261718750E+00    0.739310776837E-03    -0.01296
   16    0.935791015625E+00    0.784099838081E-03    -0.00780
   17    0.442537443373E+00    0.101987263586E-03     0.01748
   18    0.196823167812E+00    0.830967769416E-04     0.02925
   19    0.000000000000E+00    0.000000000000E+00     0.00000
   20    0.000000000000E+00    0.000000000000E+00     0.00000
   21    0.197332958631E+00    0.794475592854E-04     0.03748
   22    0.398029471571E-01    0.274773268352E-04     0.05456
   23    0.917236328125E-01    0.618151829044E-03    -0.02284
   24    0.763945312500E+00    0.139635293186E-02    -0.02741
   25    0.149513671875E+01    0.302224685949E-02    -0.03065
   26    0.489432987637E+00    0.523013141978E-04     0.06938
   27    0.239828016061E+00    0.515229570154E-04     0.06846
   28    0.000000000000E+00    0.000000000000E+00     0.00000
   29    0.000000000000E+00    0.000000000000E+00     0.00000
   30    0.442537443373E+00    0.101987263586E-03     0.01748
   31    0.196823167812E+00    0.830967769416E-04     0.02925
   32    0.116303710937E+00    0.669969816072E-03     0.00872
   33    0.990039062500E+00    0.320048382231E-03     0.00740
   34    0.989980468750E+00    0.321838243913E-03     0.01108
   35    0.949328781773E+00    0.296824773192E-03     0.01066
   36    0.333988196313E+00    0.701520304515E-05     0.00687
   37    0.998400077036E+00    0.114113254843E-04     0.01581
   38    0.000000000000E+00    0.000000000000E+00     0.00000
   39    0.992004044158E+00    0.454623395528E-04    -0.00258
   40    0.995001711253E+00    0.570141457970E-04    -0.07498
   41    0.000000000000E+00    0.000000000000E+00     0.00000
   42    0.978326966800E+00    0.162853249430E-03    -0.07140
 
PerIsn      48     102       0      12    0.24016431    0.35000000    -595
    1    0.806933932834E-02    0.577511548754E-05     0.01678
    2    0.685419675745E-04    0.108376924610E-06     0.01412
    3    0.139732756364E-02    0.333289850680E-06     0.01929
    4    0.584608255004E-05    0.279638195561E-08     0.01806
    5    0.000000000000E+00    0.000000000000E+00     0.00000
    6    0.000000000000E+00    0.000000000000E+00     0.00000
    7   -0.200000000000E+01    0.000000000000E+00     0.00000
    8    0.467959925334E+00    0.935886740125E-04     0.04104
    9    0.219856626594E+00    0.827579577679E-04     0.03592
   10    0.000000000000E+00    0.000000000000E+00     0.00000
   11    0.000000000000E+00    0.000000000000E+00     0.00000
   12    0.220334725930E+00    0.791491390423E-04     0.03252
   13    0.494817918069E-01    0.319751477409E-04     0.02294
   14    0.854443359375E-01    0.621796964830E-03     0.05142
   15    0.786484375000E+00    0.133454868494E-02     0.03517
   16    0.760996093750E+00    0.155261303463E-02     0.02999
   17    0.407223409017E+00    0.172030408286E-03    -0.00231
   18    0.168603159697E+00    0.124913892655E-03    -0.01356
   19    0.000000000000E+00    0.000000000000E+00     0.00000
   20    0.000000000000E+00    0.000000000000E+00     0.00000
   21    0.170358853520E+00    0.114413299036E-03    -0.02344
   22    0.309147303141E-01    0.328397562511E-04    -0.03651
   23    0.166333007812E+00    0.771580255727E-03     0.04174
   24    0.469570312500E+00    0.158768291003E-02    -0.02336
   25    0.782226562500E+00    0.374710000736E-02    -0.05529
   26    0.471594793532E+00    0.680563336991E-04     0.02413
   27    0.222883519135E+00    0.638793086388E-04     0.02161
   28    0.000000000000E+00    0.000000000000E+00     0.00000
   29    0.000000000000E+00    0.000000000000E+00     0.00000
   30    0.407223409017E+00    0.172030408286E-03    -0.00231
   31    0.168603159697E+00    0.124913892655E-03    -0.01356
   32    0.233823242188E+00    0.875841025038E-03     0.03772
   33    0.903720703125E+00    0.932158340090E-03    -0.03719
   34    0.899970703125E+00    0.100987465055E-02    -0.04564
   35    0.949990779375E+00    0.300087641728E-03     0.01343
   36    0.333988496298E+00    0.664927245748E-05    -0.00508
   37    0.996042262228E+00    0.406026018383E-04     0.04883
   38    0.000000000000E+00    0.000000000000E+00     0.00000
   39    0.981116278895E+00    0.127090254806E-03     0.04139
   40    0.983557515467E+00    0.138444426290E-03     0.07029
   41    0.000000000000E+00    0.000000000000E+00     0.00000
   42    0.938780273284E+00    0.340475868379E-03     0.05040
